task_id,task_community
0,2
1,2
2,3
3,2
4,6
5,2
6,0
7,5
8,4
9,0
10,1
11,3
12,1
13,4
14,3
15,3
16,5
17,1
18,3
19,1
20,3
21,0
22,0
23,2
24,6
25,2
26,6
27,6
28,6
29,5
30,3
31,5
32,6
33,5
34,1
35,5
36,1
37,5
38,6
39,3
40,6
41,5
42,2
43,1
44,0
45,5
46,1
47,6
48,5
49,2
50,3
51,4
52,0
53,5
54,3
55,6
56,4
57,4
58,0
59,6
60,4
61,3
62,6
63,5
64,4
65,4
66,1
67,0
68,1
69,4
70,5
71,1
72,6
73,3
74,5
75,2
76,1
77,2
78,6
79,4
80,3
81,0
82,0
83,0
84,3
85,2
86,6
87,2
88,4
89,6
90,2
91,4
92,2
93,4
94,0
95,0
96,0
97,6
98,2
99,3
100,2
101,1
102,5
103,4
104,4
105,2
106,6
107,2
108,0
109,0
110,1
111,6
112,6
113,0
114,4
115,0
116,1
117,2
118,1
119,6
120,2
121,1
122,5
123,1
124,6
125,1
126,2
127,1
128,5
129,4
130,1
131,6
132,2
133,3
134,2
135,0
136,5
137,1
138,2
139,5
140,3
141,2
142,0
143,0
144,6
145,6
146,5
147,3
148,5
149,2
150,3
151,5
152,6
153,6
154,3
155,2
156,4
157,2
158,2
159,4
160,0
161,0
162,6
163,6
164,2
165,1
166,4
167,5
168,6
169,0
170,1
171,3
172,0
173,3
174,4
175,6
176,1
177,5
178,3
179,5
180,5
181,2
182,6
183,2
184,0
185,4
186,1
187,0
188,4
189,4
190,6
191,1
192,3
193,2
194,1
195,3
196,5
197,3
198,2
199,6
200,3
201,0
202,3
203,3
204,2
205,6
206,3
207,0
208,1
209,5
210,1
211,6
212,2
213,0
214,6
215,1
216,4
217,4
218,6
219,5
220,3
221,3
222,4
223,1
224,4
225,5
226,1
227,2
228,5
229,6
230,5
231,3
232,3
233,1
234,5
235,0
236,3
237,5
238,6
239,0
240,1
241,5
242,4
243,4
244,4
245,4
246,3
247,4
248,3
249,0
250,0
251,3
252,0
253,6
254,4
255,0
256,4
257,4
258,0
259,4
260,0
261,0
262,3
263,1
264,1
265,3
266,0
267,5
268,4
269,2
270,4
271,0
272,5
273,4
274,2
275,2
276,6
277,6
278,5
279,5
280,5
281,4
282,5
283,4
284,1
285,6
286,3
287,0
288,2
289,3
290,4
291,5
292,6
293,4
294,5
295,2
296,2
297,0
298,3
299,6
300,1
301,6
302,0
303,3
304,5
305,0
306,0
307,2
308,6
309,1
310,3
311,6
312,6
313,2
314,0
315,0
316,1
317,2
318,0
319,3
320,3
321,6
322,0
323,5
324,4
325,0
326,5
327,0
328,5
329,2
330,2
331,4
332,6
333,3
334,0
335,0
336,3
337,5
338,2
339,1
340,3
341,2
342,2
343,1
344,2
345,3
346,0
347,3
348,5
349,4
350,3
351,0
352,2
353,4
354,5
355,0
356,3
357,1
358,0
359,5
360,4
361,1
362,5
363,5
364,3
365,0
366,6
367,6
368,0
369,5
370,4
371,0
372,3
373,5
374,3
375,0
376,6
377,6
378,4
379,3
380,0
381,5
382,1
383,1
384,0
385,2
386,6
387,0
388,6
389,5
390,4
391,3
392,1
393,0
394,0
395,3
396,5
397,2
398,0
399,4
400,2
401,4
402,1
403,6
404,5
405,4
406,0
407,3
408,3
409,3
410,3
411,0
412,0
413,4
414,4
415,3
416,3
417,1
418,6
419,3
420,1
421,5
422,3
423,5
424,6
425,4
426,0
427,5
428,4
429,0
430,1
431,3
432,3
433,2
434,1
435,6
436,0
437,1
438,6
439,2
440,2
441,1
442,3
443,3
444,0
445,0
446,5
447,4
448,0
449,6
450,0
451,4
452,3
453,2
454,2
455,5
456,1
457,4
458,0
459,1
460,2
461,1
462,4
463,6
464,1
465,4
466,2
467,0
468,4
469,6
470,4
471,0
472,0
473,0
474,2
475,0
476,6
477,2
478,3
479,1
480,2
481,0
482,0
483,4
484,1
485,1
486,5
487,5
488,6
489,0
490,1
491,3
492,6
493,5
494,3
495,2
496,0
497,1
498,2
499,6
500,2
501,0
502,6
503,0
504,2
505,4
506,6
507,2
508,2
509,6
510,4
511,4
512,3
513,2
514,1
515,2
516,0
517,3
518,4
519,3
520,3
521,4
522,2
523,0
524,6
525,2
526,1
527,6
528,4
529,5
530,6
531,2
532,2
533,2
534,5
535,1
536,0
537,4
538,5
539,1
540,2
541,4
542,5
543,3
544,1
545,1
546,3
547,0
548,3
549,0
550,6
551,4
552,3
553,4
554,2
555,5
556,1
557,2
558,1
559,6
560,3
561,6
562,6
563,6
564,3
565,0
566,3
567,0
568,4
569,4
570,4
571,5
572,6
573,0
574,5
575,6
576,1
577,0
578,4
579,3
580,4
581,3
582,1
583,2
584,6
585,1
586,1
587,3
588,3
589,6
590,2
591,2
592,0
593,3
594,2
595,4
596,3
597,1
598,1
599,3
600,6
601,6
602,6
603,0
604,3
605,3
606,0
607,2
608,2
609,3
610,5
611,4
612,4
613,2
614,3
615,1
616,3
617,0
618,3
619,3
620,5
621,6
622,6
623,3
624,0
625,0
626,5
627,3
628,1
629,3
630,2
631,2
632,0
633,2
634,2
635,2
636,5
637,3
638,6
639,1
640,6
641,4
642,6
643,4
644,2
645,6
646,6
647,3
648,1
649,6
650,5
651,3
652,3
653,1
654,5
655,1
656,6
657,3
658,6
659,6
660,3
661,1
662,5
663,4
664,6
665,6
666,2
667,6
668,2
669,5
670,0
671,3
672,5
673,5
674,1
675,4
676,3
677,2
678,0
679,2
680,1
681,1
682,0
683,6
684,6
685,1
686,4
687,2
688,2
689,6
690,4
691,0
692,1
693,1
694,2
695,1
696,6
697,0
698,6
699,2
700,5
701,5
702,0
703,4
704,2
705,4
706,3
707,4
708,0
709,2
710,2
711,6
712,3
713,6
714,0
715,3
716,1
717,4
718,6
719,4
720,3
721,5
722,3
723,2
724,6
725,5
726,3
727,2
728,6
729,4
730,0
731,5
732,6
733,4
734,3
735,5
736,4
737,2
738,3
739,0
740,2
741,5
742,3
743,6
744,6
745,5
746,3
747,4
748,1
749,2
750,6
751,3
752,0
753,5
754,5
755,1
756,5
757,2
758,3
759,1
760,1
761,4
762,0
763,2
764,2
765,6
766,6
767,0
768,2
769,3
770,3
771,4
772,0
773,1
774,1
775,1
776,1
777,0
778,6
779,1
780,2
781,6
782,6
783,1
784,3
785,4
786,6
787,6
788,1
789,6
790,5
791,5
792,1
793,4
794,5
795,0
796,4
797,1
798,4
799,5
800,3
801,1
802,3
803,2
804,2
805,6
806,4
807,3
808,3
809,1
810,4
811,6
812,6
813,2
814,3
815,4
816,3
817,4
818,5
819,2
820,4
821,4
822,4
823,2
824,1
825,6
826,5
827,1
828,5
829,1
830,2
831,4
832,4
833,3
834,0
835,2
836,6
837,3
838,3
839,1
840,2
841,3
842,2
843,2
844,0
845,1
846,5
847,2
848,3
849,5
850,2
851,4
852,0
853,0
854,2
855,0
856,6
857,2
858,3
859,2
860,0
861,4
862,1
863,5
864,3
865,5
866,0
867,1
868,2
869,1
870,1
871,5
872,3
873,0
874,1
875,6
876,4
877,5
878,0
879,0
880,6
881,4
882,4
883,6
884,4
885,1
886,0
887,5
888,0
889,6
890,3
891,4
892,1
893,0
894,6
895,6
896,0
897,5
898,3
899,6
900,1
901,5
902,4
903,6
904,2
905,5
906,4
907,0
908,4
909,3
910,2
911,0
912,4
913,5
914,2
915,2
916,2
917,5
918,2
919,4
920,0
921,0
922,2
923,4
924,5
925,5
926,1
927,6
928,5
929,3
930,5
931,6
932,5
933,0
934,5
935,5
936,4
937,3
938,4
939,2
940,6
941,1
942,0
943,4
944,0
945,6
946,4
947,1
948,4
949,4
950,1
951,1
952,1
953,2
954,1
955,6
956,4
957,4
958,3
959,5
960,2
961,1
962,0
963,1
964,2
965,6
966,3
967,0
968,0
969,4
970,1
971,3
972,6
973,3
974,0
975,3
976,3
977,5
978,5
979,6
980,0
981,4
982,6
983,3
984,3
985,0
986,2
987,6
988,4
989,1
990,0
991,1
992,5
993,0
994,1
995,6
996,1
997,0
998,6
999,0
1000,4
1001,5
1002,2
1003,5
1004,3
1005,6
1006,4
1007,6
1008,4
1009,3
1010,4
1011,4
1012,3
1013,1
1014,6
1015,6
1016,0
1017,2
1018,6
1019,0
1020,5
1021,1
1022,5
1023,0
1024,3
1025,1
1026,4
1027,1
1028,5
1029,0
1030,6
1031,6
1032,3
1033,2
1034,3
1035,3
1036,0
1037,1
1038,2
1039,4
1040,5
1041,5
1042,1
1043,4
1044,4
1045,3
1046,3
1047,4
1048,5
1049,4
1050,0
1051,6
1052,4
1053,1
1054,3
1055,4
1056,5
1057,0
1058,5
1059,0
1060,2
1061,3
1062,2
1063,1
1064,5
1065,1
1066,3
1067,3
1068,5
1069,3
1070,5
1071,6
1072,1
1073,6
1074,6
1075,1
1076,1
1077,2
1078,0
1079,1
1080,3
1081,0
1082,4
1083,6
1084,2
1085,4
1086,4
1087,2
1088,3
1089,6
1090,3
1091,1
1092,2
1093,5
1094,1
1095,5
1096,3
1097,4
1098,0
1099,4
1100,4
1101,6
1102,4
1103,4
1104,5
1105,1
1106,4
1107,2
1108,5
1109,4
1110,6
1111,6
1112,4
1113,6
1114,4
1115,1
1116,5
1117,4
1118,4
1119,3
1120,3
1121,2
1122,0
1123,0
1124,0
1125,4
1126,2
1127,6
1128,4
1129,1
1130,0
1131,3
1132,5
1133,2
1134,2
1135,4
1136,0
1137,0
1138,0
1139,2
1140,0
1141,0
1142,0
1143,0
1144,5
1145,1
1146,6
1147,6
1148,6
1149,1
1150,2
1151,4
1152,2
1153,5
1154,2
1155,3
1156,0
1157,4
1158,6
1159,5
1160,6
1161,1
1162,2
1163,1
1164,3
1165,2
1166,4
1167,0
1168,1
1169,6
1170,3
1171,2
1172,6
1173,2
1174,5
1175,2
1176,0
1177,3
1178,3
1179,2
1180,1
1181,2
1182,2
1183,4
1184,6
1185,0
1186,5
1187,6
1188,6
1189,6
1190,1
1191,2
1192,1
1193,3
1194,2
1195,6
1196,5
1197,5
1198,0
1199,2
1200,6
1201,4
1202,4
1203,2
1204,6
1205,6
1206,4
1207,5
1208,0
1209,5
1210,3
1211,0
1212,3
1213,5
1214,4
1215,2
1216,4
1217,0
1218,5
1219,3
1220,5
1221,6
1222,4
1223,4
1224,5
1225,3
1226,6
1227,2
1228,3
1229,0
1230,5
1231,5
1232,4
1233,0
1234,4
1235,2
1236,4
1237,5
1238,2
1239,6
1240,5
1241,3
1242,1
1243,5
1244,0
1245,5
1246,2
1247,4
1248,0
1249,4
1250,1
1251,2
1252,5
1253,3
1254,4
1255,3
1256,0
1257,2
1258,1
1259,3
1260,3
1261,6
1262,0
1263,5
1264,6
1265,1
1266,6
1267,1
1268,6
1269,1
1270,1
1271,4
1272,0
1273,6
1274,6
1275,0
1276,3
1277,4
1278,4
1279,0
1280,3
1281,5
1282,6
1283,0
1284,0
1285,6
1286,0
1287,3
1288,5
1289,6
1290,2
1291,6
1292,1
1293,0
1294,0
1295,2
1296,2
1297,1
1298,0
1299,1
1300,3
1301,3
1302,6
1303,5
1304,2
1305,6
1306,6
1307,0
1308,0
1309,2
1310,0
1311,1
1312,6
1313,0
1314,4
1315,2
1316,6
1317,4
1318,6
1319,3
1320,4
1321,3
1322,0
1323,6
1324,3
1325,3
1326,1
1327,6
1328,3
1329,4
1330,5
1331,2
1332,0
1333,2
1334,1
1335,4
1336,4
1337,5
1338,4
1339,1
1340,4
1341,4
1342,3
1343,4
1344,6
1345,1
1346,6
1347,0
1348,4
1349,3
1350,1
1351,4
1352,3
1353,5
1354,4
1355,3
1356,0
1357,3
1358,6
1359,1
1360,1
1361,5
1362,2
1363,0
1364,2
1365,0
1366,0
1367,4
1368,6
1369,4
1370,5
1371,5
1372,0
1373,2
1374,1
1375,0
1376,0
1377,0
1378,5
1379,2
1380,2
1381,1
1382,6
1383,0
1384,1
1385,6
1386,3
1387,5
1388,4
1389,1
1390,6
1391,2
1392,4
1393,5
1394,3
1395,3
1396,4
1397,4
1398,4
1399,6
1400,3
1401,2
1402,3
1403,4
1404,5
1405,5
1406,5
1407,3
1408,1
1409,1
1410,1
1411,1
1412,3
1413,2
1414,0
1415,6
1416,5
1417,3
1418,6
1419,2
1420,5
1421,4
1422,1
1423,3
1424,1
1425,4
1426,1
1427,2
1428,3
1429,0
1430,3
1431,5
1432,3
1433,3
1434,3
1435,3
1436,4
1437,1
1438,0
1439,6
1440,5
1441,2
1442,3
1443,4
1444,2
1445,5
1446,2
1447,4
1448,0
1449,6
1450,4
1451,4
1452,2
1453,2
1454,6
1455,6
1456,2
1457,5
1458,2
1459,1
1460,5
1461,4
1462,0
1463,5
1464,3
1465,3
1466,3
1467,6
1468,1
1469,5
1470,2
1471,6
1472,4
1473,6
1474,4
1475,5
1476,4
1477,2
1478,1
1479,3
1480,5
1481,6
1482,3
1483,4
1484,5
1485,1
1486,6
1487,0
1488,1
1489,1
1490,2
1491,3
1492,5
1493,6
1494,0
1495,5
1496,4
1497,0
1498,6
1499,4
1500,2
1501,2
1502,0
1503,4
1504,5
1505,6
1506,2
1507,5
1508,6
1509,1
1510,1
1511,4
1512,0
1513,4
1514,3
1515,6
1516,5
1517,1
1518,0
1519,4
1520,5
1521,5
1522,2
1523,1
1524,4
1525,2
1526,0
1527,6
1528,2
1529,4
1530,2
1531,2
1532,6
1533,4
1534,3
1535,4
1536,6
1537,6
1538,1
1539,1
1540,3
1541,4
1542,4
1543,0
1544,0
1545,6
1546,0
1547,5
1548,0
1549,2
1550,2
1551,6
1552,3
1553,2
1554,3
1555,0
1556,0
1557,3
1558,0
1559,3
1560,1
1561,6
1562,2
1563,0
1564,1
1565,5
1566,0
1567,3
1568,4
1569,6
1570,4
1571,6
1572,0
1573,2
1574,1
1575,4
1576,6
1577,2
1578,6
1579,4
1580,5
1581,3
1582,0
1583,6
1584,3
1585,4
1586,5
1587,3
1588,3
1589,4
1590,3
1591,2
1592,3
1593,4
1594,5
1595,0
1596,5
1597,5
1598,3
1599,4
1600,5
1601,2
1602,3
1603,6
1604,3
1605,0
1606,2
1607,5
1608,2
1609,5
1610,6
1611,2
1612,3
1613,4
1614,6
1615,6
1616,2
1617,4
1618,0
1619,0
1620,4
1621,2
1622,4
1623,3
1624,0
1625,1
1626,1
1627,5
1628,6
1629,3
1630,6
1631,1
1632,3
1633,5
1634,0
1635,0
1636,5
1637,2
1638,1
1639,5
1640,2
1641,6
1642,5
1643,2
1644,1
1645,2
1646,4
1647,4
1648,0
1649,1
1650,2
1651,0
1652,6
1653,4
1654,5
1655,4
1656,6
1657,2
1658,3
1659,3
1660,0
1661,4
1662,0
1663,0
1664,5
1665,3
1666,4
1667,6
1668,3
1669,0
1670,3
1671,3
1672,4
1673,3
1674,2
1675,4
1676,0
1677,1
1678,0
1679,4
1680,0
1681,4
1682,0
1683,5
1684,0
1685,5
1686,5
1687,1
1688,3
1689,3
1690,4
1691,1
1692,0
1693,6
1694,5
1695,0
1696,3
1697,3
1698,2
1699,3
1700,0
1701,5
1702,2
1703,3
1704,5
1705,5
1706,5
1707,0
1708,6
1709,1
1710,6
1711,0
1712,4
1713,0
1714,2
1715,0
1716,0
1717,0
1718,3
1719,5
1720,4
1721,0
1722,3
1723,0
1724,5
1725,4
1726,4
1727,3
1728,0
1729,6
1730,3
1731,6
1732,5
1733,6
1734,5
1735,6
1736,2
1737,1
1738,5
1739,2
1740,6
1741,0
1742,5
1743,5
1744,2
1745,5
1746,5
1747,2
1748,3
1749,2
1750,4
1751,4
1752,1
1753,4
1754,0
1755,5
1756,2
1757,1
1758,6
1759,6
1760,5
1761,4
1762,1
1763,3
1764,1
1765,6
1766,0
1767,6
1768,6
1769,1
1770,0
1771,4
1772,0
1773,0
1774,5
1775,0
1776,6
1777,0
1778,4
1779,0
1780,1
1781,4
1782,4
1783,3
1784,6
1785,1
1786,0
1787,3
1788,6
1789,3
1790,4
1791,3
1792,1
1793,3
1794,1
1795,3
1796,0
1797,6
1798,1
1799,5
1800,3
1801,0
1802,1
1803,1
1804,2
1805,3
1806,3
1807,5
1808,1
1809,0
1810,3
1811,4
1812,2
1813,1
1814,3
1815,2
1816,5
1817,2
1818,0
1819,5
1820,5
1821,1
1822,5
1823,3
1824,6
1825,3
1826,0
1827,6
1828,0
1829,5
1830,2
1831,2
1832,5
1833,0
1834,3
1835,0
1836,1
1837,3
1838,2
1839,3
1840,2
1841,5
1842,4
1843,3
1844,1
1845,1
1846,1
1847,6
1848,0
1849,5
1850,2
1851,4
1852,5
1853,1
1854,4
1855,5
1856,3
1857,4
1858,5
1859,5
1860,2
1861,2
1862,3
1863,2
1864,4
1865,3
1866,2
1867,1
1868,3
1869,2
1870,3
1871,2
1872,5
1873,6
1874,4
1875,6
1876,5
1877,2
1878,4
1879,3
1880,1
1881,2
1882,5
1883,4
1884,2
1885,3
1886,2
1887,2
1888,1
1889,4
1890,1
1891,5
1892,4
1893,1
1894,3
1895,2
1896,0
1897,2
1898,1
1899,6
1900,6
1901,5
1902,2
1903,4
1904,1
1905,2
1906,6
1907,1
1908,5
1909,1
1910,3
1911,1
1912,2
1913,3
1914,1
1915,0
1916,2
1917,6
1918,3
1919,3
1920,1
1921,6
1922,4
1923,6
1924,1
1925,0
1926,3
1927,6
1928,0
1929,5
1930,4
1931,1
1932,1
1933,2
1934,4
1935,0
1936,6
1937,2
1938,0
1939,4
1940,2
1941,3
1942,0
1943,6
1944,0
1945,6
1946,5
1947,1
1948,5
1949,1
1950,0
1951,4
1952,3
1953,2
1954,5
1955,0
1956,3
1957,5
1958,1
1959,4
1960,2
1961,2
1962,6
1963,2
1964,4
1965,1
1966,5
1967,1
1968,2
1969,2
1970,4
1971,3
1972,3
1973,2
1974,3
1975,0
1976,3
1977,4
1978,1
1979,6
1980,1
1981,0
1982,5
1983,5
1984,0
1985,0
1986,2
1987,2
1988,6
1989,6
1990,5
1991,0
1992,2
1993,5
1994,6
1995,3
1996,0
1997,2
1998,0
1999,1
2000,4
2001,5
2002,6
2003,3
2004,0
2005,2
2006,6
2007,4
2008,4
2009,3
2010,2
2011,5
2012,6
2013,5
2014,2
2015,5
2016,4
2017,2
2018,1
2019,0
2020,5
2021,3
2022,6
2023,4
2024,3
2025,5
2026,3
2027,4
2028,1
2029,6
2030,3
2031,2
2032,2
2033,3
2034,2
2035,6
2036,5
2037,3
2038,0
2039,4
2040,1
2041,2
2042,3
2043,1
2044,4
2045,6
2046,2
2047,4
2048,5
2049,2
2050,3
2051,1
2052,4
2053,4
2054,4
2055,1
2056,6
2057,4
2058,2
2059,1
2060,4
2061,3
2062,6
2063,6
2064,6
2065,3
2066,4
2067,2
2068,4
2069,2
2070,5
2071,5
2072,0
2073,0
2074,6
2075,0
2076,3
2077,3
2078,6
2079,5
2080,4
2081,6
2082,2
2083,0
2084,2
2085,5
2086,5
2087,3
2088,0
2089,6
2090,3
2091,6
2092,4
2093,2
2094,0
2095,2
2096,5
2097,3
2098,4
2099,3
2100,4
2101,4
2102,0
2103,3
2104,5
2105,2
2106,2
2107,3
2108,1
2109,3
2110,4
2111,6
2112,1
2113,1
2114,1
2115,4
2116,6
2117,1
2118,4
2119,1
2120,2
2121,3
2122,3
2123,6
2124,5
2125,0
2126,6
2127,0
2128,5
2129,6
2130,0
2131,3
2132,1
2133,1
2134,5
2135,0
2136,0
2137,1
2138,3
2139,2
2140,5
2141,2
2142,5
2143,2
2144,5
2145,5
2146,2
2147,6
2148,0
2149,5
2150,5
2151,6
2152,2
2153,4
2154,4
2155,3
2156,5
2157,5
2158,5
2159,0
2160,6
2161,1
2162,3
2163,5
2164,1
2165,6
2166,3
2167,2
2168,1
2169,2
2170,4
2171,2
2172,5
2173,1
2174,5
2175,2
2176,5
2177,6
2178,0
2179,2
2180,4
2181,1
2182,2
2183,6
2184,3
2185,4
2186,1
2187,6
2188,3
2189,6
2190,5
2191,5
2192,0
2193,1
2194,2
2195,1
2196,3
2197,5
2198,1
2199,0
2200,1
2201,2
2202,1
2203,2
2204,1
2205,4
2206,4
2207,4
2208,2
2209,1
2210,4
2211,6
2212,5
2213,1
2214,3
2215,1
2216,3
2217,0
2218,4
2219,2
2220,4
2221,3
2222,2
2223,4
2224,1
2225,1
2226,1
2227,3
2228,2
2229,0
2230,5
2231,2
2232,1
2233,6
2234,4
2235,0
2236,6
2237,6
2238,4
2239,4
2240,1
2241,0
2242,5
2243,1
2244,2
2245,2
2246,4
2247,2
2248,4
2249,0
2250,5
2251,6
2252,4
2253,2
2254,5
2255,4
2256,6
2257,3
2258,4
2259,2
2260,5
2261,5
2262,5
2263,4
2264,2
2265,4
2266,0
2267,6
2268,3
2269,1
2270,3
2271,4
2272,6
2273,5
2274,4
2275,0
2276,4
2277,6
2278,4
2279,1
2280,0
2281,4
2282,5
2283,0
2284,0
2285,6
2286,1
2287,0
2288,1
2289,2
2290,3
2291,4
2292,1
2293,5
2294,1
2295,0
2296,2
2297,5
2298,6
2299,0
2300,2
2301,4
2302,2
2303,5
2304,1
2305,5
2306,1
2307,3
2308,2
2309,3
2310,2
2311,6
2312,3
2313,1
2314,4
2315,2
2316,3
2317,4
2318,0
2319,0
2320,4
2321,4
2322,3
2323,1
2324,6
2325,4
2326,3
2327,2
2328,5
2329,3
2330,3
2331,4
2332,6
2333,5
2334,5
2335,4
2336,1
2337,1
2338,0
2339,6
2340,3
2341,4
2342,1
2343,1
2344,0
2345,6
2346,6
2347,5
2348,4
2349,1
2350,6
2351,6
2352,5
2353,4
2354,5
2355,4
2356,5
2357,1
2358,6
2359,6
2360,0
2361,6
2362,2
2363,5
2364,5
2365,2
2366,6
2367,6
2368,3
2369,5
2370,1
2371,2
2372,6
2373,1
2374,3
2375,6
2376,2
2377,5
2378,3
2379,3
2380,0
2381,5
2382,3
2383,6
2384,2
2385,4
2386,5
2387,2
2388,4
2389,3
2390,5
2391,4
2392,1
2393,6
2394,1
2395,1
2396,5
2397,6
2398,6
2399,5
2400,3
2401,0
2402,5
2403,0
2404,3
2405,5
2406,6
2407,4
2408,1
2409,4
2410,5
2411,4
2412,5
2413,3
2414,3
2415,2
2416,2
2417,3
2418,5
2419,0
2420,6
2421,2
2422,2
2423,0
2424,1
2425,3
2426,3
2427,0
2428,2
2429,1
2430,4
2431,4
2432,4
2433,1
2434,2
2435,2
2436,6
2437,3
2438,5
2439,3
2440,0
2441,3
2442,2
2443,6
2444,0
2445,4
2446,1
2447,3
2448,0
2449,3
2450,2
2451,5
2452,5
2453,5
2454,0
2455,2
2456,0
2457,4
2458,2
2459,6
2460,0
2461,2
2462,4
2463,2
2464,6
2465,4
2466,2
2467,5
2468,2
2469,0
2470,2
2471,6
2472,2
2473,6
2474,3
2475,5
2476,2
2477,5
2478,2
2479,2
2480,5
2481,5
2482,5
2483,2
2484,2
2485,3
2486,4
2487,3
2488,6
2489,3
2490,4
2491,1
2492,5
2493,2
2494,4
2495,2
2496,5
2497,5
2498,0
2499,6
2500,0
2501,5
2502,4
2503,1
2504,4
2505,0
2506,2
2507,5
2508,4
2509,4
2510,0
2511,3
2512,4
2513,1
2514,1
2515,0
2516,4
2517,3
2518,4
2519,5
2520,5
2521,3
2522,4
2523,2
2524,0
2525,3
2526,0
2527,6
2528,5
2529,4
2530,1
2531,4
2532,1
2533,1
2534,5
2535,5
2536,4
2537,5
2538,4
2539,3
2540,5
2541,5
2542,1
2543,2
2544,4
2545,3
2546,5
2547,3
2548,1
2549,2
2550,5
2551,1
2552,0
2553,6
2554,4
2555,4
2556,2
2557,2
2558,1
2559,6
2560,3
2561,6
2562,3
2563,4
2564,2
2565,3
2566,2
2567,6
2568,4
2569,5
2570,1
2571,2
2572,6
2573,5
2574,4
2575,5
2576,5
2577,0
2578,4
2579,4
2580,2
2581,1
2582,2
2583,6
2584,6
2585,6
2586,4
2587,5
2588,2
2589,2
2590,6
2591,4
2592,1
2593,1
2594,4
2595,6
2596,4
2597,6
2598,6
2599,4
2600,0
2601,0
2602,0
2603,1
2604,5
2605,3
2606,5
2607,0
2608,4
2609,5
2610,1
2611,3
2612,6
2613,5
2614,6
2615,6
2616,0
2617,6
2618,0
2619,5
2620,1
2621,2
2622,4
2623,1
2624,3
2625,3
2626,3
2627,4
2628,0
2629,3
2630,3
2631,1
2632,5
2633,1
2634,2
2635,1
2636,0
2637,4
2638,6
2639,6
2640,3
2641,5
2642,6
2643,0
2644,3
2645,1
2646,5
2647,0
2648,1
2649,4
2650,6
2651,1
2652,0
2653,6
2654,3
2655,1
2656,5
2657,6
2658,1
2659,0
2660,3
2661,4
2662,4
2663,0
2664,0
2665,5
2666,2
2667,2
2668,3
2669,0
2670,1
2671,5
2672,1
2673,2
2674,6
2675,0
2676,1
2677,0
2678,6
2679,3
2680,4
2681,1
2682,2
2683,6
2684,2
2685,5
2686,2
2687,5
2688,2
2689,1
2690,0
2691,0
2692,6
2693,1
2694,1
2695,0
2696,2
2697,4
2698,4
2699,3
2700,6
2701,3
2702,3
2703,2
2704,2
2705,2
2706,6
2707,4
2708,4
2709,1
2710,2
2711,4
2712,1
2713,4
2714,6
2715,2
2716,6
2717,5
2718,3
2719,1
2720,2
2721,5
2722,5
2723,4
2724,0
2725,6
2726,4
2727,4
2728,0
2729,1
2730,1
2731,6
2732,2
2733,2
2734,2
2735,4
2736,3
2737,6
2738,5
2739,3
2740,2
2741,6
2742,1
2743,3
2744,6
2745,0
2746,4
2747,6
2748,4
2749,1
2750,0
2751,5
2752,0
2753,2
2754,6
2755,2
2756,0
2757,4
2758,4
2759,3
2760,1
2761,1
2762,1
2763,2
2764,1
2765,5
2766,3
2767,5
2768,5
2769,1
2770,5
2771,1
2772,1
2773,4
2774,4
2775,0
2776,6
2777,2
2778,5
2779,2
2780,3
2781,1
2782,2
2783,4
2784,2
2785,6
2786,4
2787,3
2788,5
2789,1
2790,0
2791,3
2792,4
2793,1
2794,3
2795,1
2796,2
2797,0
2798,1
2799,0
2800,0
2801,1
2802,0
2803,4
2804,2
2805,6
2806,3
2807,1
2808,2
2809,4
2810,5
2811,2
2812,5
2813,1
2814,4
2815,3
2816,2
2817,2
2818,2
2819,0
2820,4
2821,6
2822,5
2823,4
2824,2
2825,2
2826,3
2827,6
2828,3
2829,2
2830,6
2831,5
2832,2
2833,0
2834,0
2835,0
2836,4
2837,2
2838,6
2839,2
2840,5
2841,4
2842,3
2843,4
2844,6
2845,0
2846,3
2847,2
2848,5
2849,6
2850,6
2851,2
2852,1
2853,4
2854,5
2855,3
2856,3
2857,2
2858,1
2859,3
2860,1
2861,1
2862,3
2863,6
2864,6
2865,2
2866,0
2867,5
2868,4
2869,4
2870,3
2871,3
2872,3
2873,0
2874,4
2875,3
2876,4
2877,3
2878,5
2879,6
2880,4
2881,1
2882,3
2883,3
2884,6
2885,3
2886,4
2887,3
2888,1
2889,5
2890,2
2891,4
2892,1
2893,6
2894,1
2895,0
2896,2
2897,4
2898,0
2899,4
2900,3
2901,3
2902,4
2903,1
2904,3
2905,0
2906,1
2907,2
2908,2
2909,1
2910,2
2911,3
2912,4
2913,0
2914,3
2915,0
2916,4
2917,4
2918,4
2919,5
2920,0
2921,5
2922,0
2923,4
2924,2
2925,5
2926,1
2927,1
2928,2
2929,1
2930,0
2931,3
2932,0
2933,3
2934,5
2935,5
2936,3
2937,5
2938,6
2939,0
2940,5
2941,5
2942,6
2943,4
2944,6
2945,4
2946,3
2947,2
2948,5
2949,0
2950,4
2951,2
2952,2
2953,6
2954,0
2955,6
2956,2
2957,1
2958,0
2959,3
2960,5
2961,4
2962,0
2963,6
2964,3
2965,0
2966,3
2967,6
2968,5
2969,0
2970,3
2971,6
2972,6
2973,2
2974,3
2975,4
2976,4
2977,5
2978,6
2979,6
2980,6
2981,6
2982,3
2983,6
2984,1
2985,1
2986,5
2987,3
2988,2
2989,4
2990,0
2991,4
2992,1
2993,4
2994,6
2995,6
2996,4
2997,1
2998,3
2999,1
3000,5
3001,6
3002,4
3003,1
3004,0
3005,5
3006,4
3007,2
3008,5
3009,4
3010,3
3011,1
3012,5
3013,3
3014,4
3015,0
3016,1
3017,4
3018,0
3019,2
3020,0
3021,3
3022,2
3023,1
3024,4
3025,3
3026,5
3027,5
3028,6
3029,1
3030,5
3031,4
3032,3
3033,1
3034,6
3035,4
3036,6
3037,3
3038,2
3039,2
3040,0
3041,3
3042,5
3043,3
3044,0
3045,3
3046,2
3047,2
3048,2
3049,4
3050,6
3051,1
3052,2
3053,5
3054,1
3055,0
3056,1
3057,1
3058,4
3059,4
3060,5
3061,3
3062,3
3063,2
3064,5
3065,0
3066,4
3067,1
3068,6
3069,2
3070,6
3071,0
3072,5
3073,0
3074,6
3075,0
3076,1
3077,1
3078,5
3079,6
3080,3
3081,1
3082,0
3083,1
3084,5
3085,6
3086,6
3087,2
3088,3
3089,2
3090,3
3091,2
3092,0
3093,1
3094,4
3095,0
3096,2
3097,4
3098,1
3099,5
3100,5
3101,1
3102,5
3103,5
3104,4
3105,6
3106,5
3107,5
3108,1
3109,2
3110,1
3111,4
3112,3
3113,2
3114,3
3115,4
3116,0
3117,6
3118,1
3119,0
3120,3
3121,4
3122,4
3123,5
3124,6
3125,3
3126,1
3127,3
3128,3
3129,5
3130,5
3131,3
3132,5
3133,6
3134,0
3135,3
3136,1
3137,0
3138,0
3139,1
3140,2
3141,2
3142,5
3143,2
3144,4
3145,3
3146,2
3147,5
3148,4
3149,1
3150,4
3151,2
3152,1
3153,6
3154,4
3155,2
3156,1
3157,5
3158,0
3159,0
3160,6
3161,2
3162,1
3163,2
3164,1
3165,0
3166,6
3167,6
3168,0
3169,4
3170,5
3171,5
3172,5
3173,3
3174,1
3175,6
3176,3
3177,6
3178,2
3179,4
3180,3
3181,4
3182,6
3183,0
3184,0
3185,5
3186,0
3187,3
3188,0
3189,2
3190,3
3191,6
3192,0
3193,5
3194,2
3195,0
3196,4
3197,6
3198,3
3199,6
3200,2
3201,6
3202,5
3203,1
3204,2
3205,6
3206,3
3207,4
3208,1
3209,4
3210,6
3211,2
3212,0
3213,6
3214,3
3215,6
3216,2
3217,4
3218,3
3219,0
3220,5
3221,1
3222,0
3223,4
3224,3
3225,2
3226,3
3227,0
3228,1
3229,1
3230,3
3231,3
3232,4
3233,4
3234,4
3235,5
3236,5
3237,2
3238,5
3239,3
3240,5
3241,1
3242,0
3243,2
3244,4
3245,0
3246,2
3247,4
3248,5
3249,4
3250,5
3251,0
3252,4
3253,0
3254,2
3255,0
3256,1
3257,6
3258,3
3259,2
3260,3
3261,1
3262,1
3263,1
3264,3
3265,2
3266,0
3267,2
3268,1
3269,4
3270,1
3271,0
3272,1
3273,0
3274,6
3275,3
3276,5
3277,4
3278,1
3279,6
3280,1
3281,1
3282,5
3283,3
3284,0
3285,5
3286,2
3287,0
3288,2
3289,2
3290,3
3291,4
3292,2
3293,1
3294,0
3295,1
3296,6
3297,1
3298,1
3299,1
3300,6
3301,5
3302,0
3303,1
3304,3
3305,6
3306,5
3307,2
3308,4
3309,0
3310,0
3311,0
3312,3
3313,3
3314,0
3315,4
3316,4
3317,0
3318,3
3319,3
3320,6
3321,5
3322,6
3323,1
3324,3
3325,1
3326,3
3327,4
3328,0
3329,3
3330,3
3331,4
3332,0
3333,3
3334,0
3335,3
3336,1
3337,1
3338,2
3339,5
3340,4
3341,5
3342,3
3343,1
3344,3
3345,1
3346,3
3347,1
3348,2
3349,4
3350,6
3351,1
3352,2
3353,1
3354,5
3355,2
3356,6
3357,1
3358,0
3359,1
3360,0
3361,0
3362,3
3363,4
3364,4
3365,6
3366,2
3367,1
3368,3
3369,1
3370,4
3371,0
3372,0
3373,2
3374,4
3375,6
3376,1
3377,5
3378,6
3379,3
3380,0
3381,0
3382,6
3383,2
3384,3
3385,0
3386,1
3387,2
3388,6
3389,5
3390,2
3391,3
3392,5
3393,6
3394,2
3395,3
3396,1
3397,2
3398,6
3399,2
3400,5
3401,0
3402,2
3403,5
3404,0
3405,3
3406,4
3407,6
3408,4
3409,2
3410,1
3411,1
3412,1
3413,5
3414,6
3415,1
3416,5
3417,0
3418,1
3419,6
3420,3
3421,1
3422,4
3423,3
3424,1
3425,4
3426,2
3427,6
3428,0
3429,5
3430,5
3431,3
3432,3
3433,6
3434,6
3435,1
3436,5
3437,6
3438,4
3439,5
3440,1
3441,1
3442,0
3443,4
3444,1
3445,3
3446,0
3447,2
3448,0
3449,4
3450,4
3451,6
3452,0
3453,2
3454,1
3455,0
3456,1
3457,6
3458,0
3459,5
3460,1
3461,2
3462,0
3463,5
3464,2
3465,1
3466,4
3467,2
3468,3
3469,5
3470,1
3471,0
3472,5
3473,4
3474,1
3475,6
3476,1
3477,1
3478,3
3479,4
3480,3
3481,1
3482,0
3483,0
3484,3
3485,2
3486,5
3487,5
3488,3
3489,5
3490,6
3491,2
3492,1
3493,5
3494,3
3495,6
3496,1
3497,2
3498,5
3499,5
3500,5
3501,6
3502,6
3503,1
3504,5
3505,5
3506,6
3507,2
3508,4
3509,3
3510,2
3511,4
3512,3
3513,2
3514,0
3515,6
3516,3
3517,0
3518,2
3519,2
3520,3
3521,2
3522,5
3523,5
3524,3
3525,3
3526,4
3527,1
3528,0
3529,2
3530,2
3531,6
3532,3
3533,1
3534,4
3535,5
3536,5
3537,4
3538,6
3539,5
3540,3
3541,6
3542,6
3543,3
3544,2
3545,6
3546,5
3547,1
3548,0
3549,6
3550,2
3551,2
3552,5
3553,4
3554,3
3555,4
3556,5
3557,2
3558,5
3559,6
3560,1
3561,2
3562,2
3563,2
3564,4
3565,2
3566,3
3567,5
3568,1
3569,1
3570,3
3571,0
3572,5
3573,2
3574,5
3575,4
3576,3
3577,3
3578,6
3579,1
3580,0
3581,1
3582,0
3583,4
3584,5
3585,6
3586,5
3587,3
3588,4
3589,5
3590,3
3591,5
3592,3
3593,4
3594,5
3595,1
3596,4
3597,6
3598,2
3599,6
3600,4
3601,5
3602,3
3603,1
3604,1
3605,6
3606,2
3607,1
3608,6
3609,2
3610,3
3611,6
3612,3
3613,1
3614,5
3615,4
3616,2
3617,5
3618,5
3619,0
3620,5
3621,2
3622,1
3623,2
3624,3
3625,0
3626,5
3627,1
3628,3
3629,1
3630,4
3631,0
3632,5
3633,1
3634,4
3635,1
3636,2
3637,6
3638,6
3639,5
3640,4
3641,2
3642,3
3643,0
3644,6
3645,6
3646,4
3647,1
3648,0
3649,2
3650,0
3651,4
3652,0
3653,5
3654,3
3655,1
3656,6
3657,5
3658,1
3659,2
3660,5
3661,3
3662,4
3663,0
3664,1
3665,6
3666,6
3667,2
3668,2
3669,4
3670,5
3671,0
3672,1
3673,6
3674,4
3675,6
3676,2
3677,5
3678,5
3679,4
3680,3
3681,2
3682,1
3683,1
3684,2
3685,2
3686,2
3687,4
3688,2
3689,6
3690,6
3691,3
3692,2
3693,1
3694,6
3695,1
3696,2
3697,1
3698,1
3699,5
3700,3
3701,2
3702,0
3703,6
3704,5
3705,2
3706,0
3707,4
3708,5
3709,4
3710,6
3711,2
3712,4
3713,2
3714,4
3715,4
3716,0
3717,2
3718,0
3719,0
3720,2
3721,6
3722,3
3723,0
3724,6
3725,5
3726,3
3727,2
3728,6
3729,0
3730,5
3731,2
3732,6
3733,1
3734,3
3735,0
3736,4
3737,0
3738,2
3739,5
3740,4
3741,4
3742,5
3743,6
3744,3
3745,5
3746,2
3747,2
3748,2
3749,1
3750,6
3751,6
3752,4
3753,3
3754,6
3755,4
3756,2
3757,3
3758,5
3759,1
3760,4
3761,4
3762,1
3763,4
3764,6
3765,5
3766,5
3767,2
3768,5
3769,1
3770,2
3771,1
3772,1
3773,3
3774,1
3775,0
3776,4
3777,3
3778,1
3779,3
3780,4
3781,4
3782,5
3783,1
3784,1
3785,3
3786,3
3787,4
3788,0
3789,3
3790,5
3791,3
3792,5
3793,1
3794,4
3795,4
3796,3
3797,0
3798,4
3799,6
3800,3
3801,1
3802,4
3803,0
3804,1
3805,5
3806,6
3807,4
3808,5
3809,1
3810,2
3811,0
3812,6
3813,5
3814,0
3815,2
3816,4
3817,1
3818,6
3819,0
3820,4
3821,1
3822,5
3823,3
3824,4
3825,6
3826,3
3827,0
3828,4
3829,6
3830,5
3831,3
3832,3
3833,3
3834,4
3835,6
3836,0
3837,0
3838,3
3839,5
3840,0
3841,3
3842,3
3843,4
3844,2
3845,5
3846,1
3847,0
3848,0
3849,0
3850,5
3851,0
3852,4
3853,0
3854,4
3855,2
3856,6
3857,3
3858,1
3859,2
3860,0
3861,2
3862,2
3863,6
3864,6
3865,2
3866,4
3867,4
3868,1
3869,2
3870,2
3871,2
3872,4
3873,6
3874,4
3875,1
3876,3
3877,1
3878,5
3879,4
3880,2
3881,4
3882,1
3883,3
3884,1
3885,2
3886,1
3887,2
3888,5
3889,1
3890,2
3891,1
3892,2
3893,3
3894,0
3895,3
3896,2
3897,1
3898,5
3899,2
3900,0
3901,3
3902,4
3903,1
3904,2
3905,4
3906,3
3907,3
3908,1
3909,4
3910,1
3911,3
3912,2
3913,2
3914,0
3915,6
3916,1
3917,2
3918,1
3919,4
3920,5
3921,1
3922,2
3923,1
3924,1
3925,5
3926,6
3927,4
3928,4
3929,4
3930,4
3931,3
3932,1
3933,5
3934,5
3935,1
3936,3
3937,0
3938,0
3939,0
3940,3
3941,6
3942,5
3943,0
3944,2
3945,6
3946,5
3947,3
3948,4
3949,6
3950,0
3951,0
3952,6
3953,4
3954,2
3955,1
3956,4
3957,5
3958,2
3959,4
3960,5
3961,6
3962,2
3963,3
3964,3
3965,0
3966,6
3967,2
3968,0
3969,5
3970,0
3971,0
3972,6
3973,6
3974,1
3975,2
3976,5
3977,2
3978,3
3979,5
3980,5
3981,4
3982,0
3983,6
3984,6
3985,4
3986,3
3987,6
3988,4
3989,5
3990,5
3991,6
3992,4
3993,3
3994,5
3995,6
3996,3
3997,0
3998,0
3999,5
4000,0
4001,4
4002,3
4003,4
4004,3
4005,3
4006,3
4007,3
4008,0
4009,5
4010,5
4011,1
4012,5
4013,5
4014,5
4015,0
4016,6
4017,5
4018,2
4019,1
4020,0
4021,0
4022,3
4023,0
4024,2
4025,0
4026,6
4027,5
4028,3
4029,6
4030,0
4031,0
4032,3
4033,1
4034,3
4035,4
4036,4
4037,0
4038,1
4039,0
4040,3
4041,1
4042,3
4043,2
4044,3
4045,3
4046,2
4047,3
4048,2
4049,3
4050,4
4051,6
4052,4
4053,4
4054,6
4055,2
4056,6
4057,0
4058,4
4059,5
4060,5
4061,5
4062,1
4063,3
4064,6
4065,3
4066,3
4067,0
4068,4
4069,1
4070,2
4071,0
4072,4
4073,3
4074,0
4075,0
4076,5
4077,2
4078,5
4079,2
4080,2
4081,3
4082,4
4083,2
4084,4
4085,3
4086,0
4087,0
4088,2
4089,3
4090,0
4091,5
4092,2
4093,1
4094,0
4095,2
4096,0
4097,0
4098,1
4099,4
4100,3
4101,2
4102,5
4103,2
4104,2
4105,3
4106,0
4107,0
4108,4
4109,0
4110,5
4111,4
4112,3
4113,4
4114,0
4115,2
4116,6
4117,5
4118,4
4119,0
4120,4
4121,6
4122,4
4123,1
4124,2
4125,2
4126,5
4127,5
4128,3
4129,3
4130,0
4131,5
4132,0
4133,4
4134,3
4135,0
4136,2
4137,6
4138,1
4139,2
4140,5
4141,1
4142,0
4143,6
4144,3
4145,2
4146,6
4147,3
4148,2
4149,5
4150,3
4151,2
4152,3
4153,1
4154,4
4155,1
4156,5
4157,6
4158,2
4159,6
4160,0
4161,1
4162,0
4163,3
4164,4
4165,0
4166,5
4167,4
4168,5
4169,0
4170,2
4171,2
4172,4
4173,4
4174,6
4175,2
4176,2
4177,6
4178,3
4179,0
4180,0
4181,2
4182,0
4183,4
4184,2
4185,1
4186,3
4187,2
4188,1
4189,1
4190,4
4191,1
4192,6
4193,4
4194,2
4195,3
4196,2
4197,6
4198,0
4199,5
4200,5
4201,3
4202,5
4203,6
4204,1
4205,4
4206,0
4207,0
4208,1
4209,1
4210,4
4211,0
4212,6
4213,2
4214,1
4215,4
4216,6
4217,0
4218,5
4219,1
4220,5
4221,2
4222,4
4223,4
4224,0
4225,3
4226,2
4227,3
4228,4
4229,2
4230,2
4231,5
4232,6
4233,1
4234,4
4235,4
4236,4
4237,5
4238,6
4239,5
4240,2
4241,4
4242,1
4243,5
4244,4
4245,2
4246,2
4247,0
4248,2
4249,1
4250,5
4251,5
4252,5
4253,1
4254,6
4255,0
4256,2
4257,6
4258,5
4259,1
4260,6
4261,0
4262,2
4263,2
4264,3
4265,2
4266,1
4267,2
4268,6
4269,0
4270,3
4271,0
4272,0
4273,3
4274,4
4275,5
4276,0
4277,0
4278,3
4279,2
4280,1
4281,0
4282,5
4283,2
4284,1
4285,5
4286,3
4287,2
4288,1
4289,5
4290,4
4291,5
4292,4
4293,6
4294,6
4295,6
4296,2
4297,1
4298,3
4299,0
4300,2
4301,0
4302,4
4303,3
4304,6
4305,5
4306,2
4307,0
4308,2
4309,0
4310,2
4311,3
4312,4
4313,4
4314,2
4315,3
4316,0
4317,0
4318,6
4319,3
4320,5
4321,0
4322,5
4323,2
4324,5
4325,5
4326,4
4327,0
4328,3
4329,3
4330,2
4331,4
4332,4
4333,5
4334,3
4335,2
4336,6
4337,4
4338,5
4339,5
4340,1
4341,3
4342,0
4343,2
4344,3
4345,2
4346,5
4347,3
4348,4
4349,0
4350,0
4351,1
4352,2
4353,2
4354,6
4355,6
4356,4
4357,2
4358,4
4359,0
4360,5
4361,6
4362,0
4363,1
4364,0
4365,0
4366,0
4367,3
4368,1
4369,5
4370,1
4371,3
4372,4
4373,0
4374,0
4375,0
4376,4
4377,2
4378,5
4379,3
4380,1
4381,0
4382,1
4383,6
4384,3
4385,0
4386,1
4387,6
4388,4
4389,0
4390,6
4391,3
4392,6
4393,4
4394,0
4395,2
4396,1
4397,2
4398,4
4399,3
4400,4
4401,3
4402,6
4403,4
4404,4
4405,4
4406,3
4407,0
4408,6
4409,0
4410,0
4411,4
4412,6
4413,0
4414,2
4415,4
4416,4
4417,1
4418,0
4419,3
4420,2
4421,1
4422,5
4423,0
4424,6
4425,2
4426,4
4427,5
4428,0
4429,6
4430,3
4431,6
4432,4
4433,4
4434,6
4435,0
4436,5
4437,5
4438,6
4439,4
4440,4
4441,1
4442,6
4443,5
4444,0
4445,3
4446,1
4447,4
4448,2
4449,0
4450,4
4451,0
4452,4
4453,4
4454,0
4455,5
4456,2
4457,5
4458,4
4459,4
4460,4
4461,0
4462,5
4463,0
4464,2
4465,3
4466,6
4467,0
4468,3
4469,3
4470,3
4471,0
4472,1
4473,2
4474,1
4475,6
4476,0
4477,2
4478,0
4479,5
4480,6
4481,0
4482,4
4483,4
4484,4
4485,2
4486,0
4487,3
4488,5
4489,3
4490,0
4491,4
4492,2
4493,6
4494,3
4495,6
4496,6
4497,3
4498,4
4499,2
4500,4
4501,1
4502,0
4503,5
4504,2
4505,2
4506,5
4507,3
4508,1
4509,1
4510,5
4511,3
4512,1
4513,0
4514,1
4515,3
4516,4
4517,5
4518,5
4519,6
4520,1
4521,6
4522,4
4523,2
4524,1
4525,5
4526,5
4527,0
4528,0
4529,2
4530,6
4531,5
4532,6
4533,3
4534,0
4535,6
4536,4
4537,0
4538,3
4539,6
4540,5
4541,6
4542,1
4543,5
4544,3
4545,5
4546,5
4547,0
4548,1
4549,6
4550,6
4551,1
4552,0
4553,6
4554,2
4555,1
4556,4
4557,5
4558,1
4559,1
4560,2
4561,2
4562,4
4563,4
4564,6
4565,3
4566,2
4567,3
4568,1
4569,5
4570,4
4571,3
4572,3
4573,4
4574,4
4575,1
4576,2
4577,1
4578,5
4579,3
4580,5
4581,4
4582,4
4583,3
4584,0
4585,5
4586,5
4587,3
4588,1
4589,4
4590,2
4591,2
4592,0
4593,4
4594,6
4595,0
4596,4
4597,1
4598,0
4599,3
4600,5
4601,3
4602,2
4603,5
4604,3
4605,1
4606,6
4607,5
4608,2
4609,3
4610,0
4611,3
4612,0
4613,5
4614,2
4615,3
4616,6
4617,4
4618,3
4619,6
4620,4
4621,2
4622,6
4623,2
4624,0
4625,6
4626,2
4627,1
4628,2
4629,4
4630,1
4631,4
4632,3
4633,6
4634,4
4635,5
4636,4
4637,0
4638,3
4639,0
4640,1
4641,3
4642,4
4643,6
4644,4
4645,2
4646,0
4647,6
4648,3
4649,2
4650,3
4651,2
4652,1
4653,0
4654,1
4655,1
4656,6
4657,0
4658,6
4659,4
4660,6
4661,3
4662,3
4663,5
4664,3
4665,4
4666,4
4667,1
4668,4
4669,2
4670,6
4671,2
4672,6
4673,5
4674,5
4675,4
4676,1
4677,3
4678,4
4679,5
4680,5
4681,2
4682,6
4683,3
4684,0
4685,3
4686,6
4687,1
4688,3
4689,2
4690,1
4691,6
4692,4
4693,0
4694,3
4695,5
4696,5
4697,5
4698,5
4699,2
4700,1
4701,2
4702,3
4703,5
4704,0
4705,3
4706,0
4707,6
4708,2
4709,2
4710,5
4711,1
4712,0
4713,3
4714,2
4715,3
4716,6
4717,4
4718,5
4719,3
4720,2
4721,5
4722,4
4723,4
4724,6
4725,5
4726,3
4727,2
4728,1
4729,1
4730,1
4731,2
4732,0
4733,6
4734,0
4735,3
4736,5
4737,3
4738,6
4739,5
4740,1
4741,0
4742,0
4743,6
4744,0
4745,3
4746,1
4747,6
4748,5
4749,1
4750,3
4751,3
4752,3
4753,4
4754,0
4755,2
4756,1
4757,0
4758,1
4759,5
4760,4
4761,3
4762,4
4763,2
4764,6
4765,2
4766,3
4767,3
4768,5
4769,3
4770,2
4771,0
4772,3
4773,0
4774,2
4775,0
4776,2
4777,1
4778,4
4779,2
4780,1
4781,4
4782,5
4783,1
4784,5
4785,3
4786,4
4787,6
4788,0
4789,3
4790,1
4791,1
4792,5
4793,4
4794,2
4795,2
4796,2
4797,6
4798,5
4799,1
4800,2
4801,6
4802,3
4803,3
4804,3
4805,0
4806,5
4807,0
4808,4
4809,3
4810,3
4811,2
4812,2
4813,6
4814,2
4815,0
4816,4
4817,6
4818,4
4819,2
4820,4
4821,6
4822,3
4823,4
4824,3
4825,2
4826,0
4827,0
4828,1
4829,3
4830,2
4831,1
4832,2
4833,3
4834,4
4835,2
4836,0
4837,3
4838,2
4839,1
4840,4
4841,1
4842,6
4843,2
4844,5
4845,1
4846,1
4847,5
4848,2
4849,3
4850,4
4851,3
4852,2
4853,4
4854,2
4855,4
4856,0
4857,0
4858,6
4859,6
4860,6
4861,5
4862,3
4863,0
4864,6
4865,4
4866,5
4867,3
4868,4
4869,5
4870,5
4871,2
4872,5
4873,6
4874,5
4875,3
4876,5
4877,0
4878,6
4879,1
4880,6
4881,0
4882,3
4883,6
4884,3
4885,5
4886,3
4887,2
4888,3
4889,5
4890,5
4891,3
4892,1
4893,5
4894,4
4895,1
4896,1
4897,0
4898,0
4899,1
4900,2
4901,1
4902,6
4903,2
4904,5
4905,5
4906,2
4907,2
4908,3
4909,4
4910,4
4911,2
4912,5
4913,5
4914,5
4915,3
4916,6
4917,2
4918,2
4919,3
4920,0
4921,0
4922,5
4923,5
4924,1
4925,6
4926,4
4927,2
4928,1
4929,0
4930,2
4931,0
4932,5
4933,4
4934,4
4935,4
4936,1
4937,6
4938,1
4939,4
4940,3
4941,4
4942,6
4943,1
4944,5
4945,3
4946,5
4947,3
4948,1
4949,4
4950,6
4951,0
4952,1
4953,5
4954,1
4955,5
4956,2
4957,6
4958,4
4959,3
4960,4
4961,2
4962,3
4963,5
4964,1
4965,1
4966,6
4967,3
4968,5
4969,0
4970,2
4971,0
4972,4
4973,4
4974,4
4975,5
4976,5
4977,3
4978,1
4979,4
4980,6
4981,1
4982,6
4983,2
4984,5
4985,3
4986,2
4987,6
4988,3
4989,2
4990,4
4991,3
4992,4
4993,0
4994,2
4995,2
4996,6
4997,5
4998,2
4999,2
