task_id,task_community
0,2
1,4
2,5
3,0
4,3
5,1
6,1
7,5
8,6
9,1
10,4
11,2
12,5
13,4
14,1
15,1
16,6
17,6
18,1
19,4
20,4
21,3
22,4
23,1
24,2
25,1
26,0
27,2
28,2
29,6
30,3
31,4
32,2
33,3
34,1
35,1
36,1
37,3
38,0
39,3
40,6
41,1
42,3
43,2
44,6
45,3
46,2
47,2
48,2
49,6
50,1
51,5
52,2
53,0
54,1
55,0
56,5
57,0
58,1
59,4
60,3
61,4
62,5
63,0
64,2
65,5
66,1
67,1
68,0
69,2
70,1
71,2
72,3
73,1
74,2
75,4
76,4
77,3
78,5
79,5
80,2
81,2
82,6
83,1
84,2
85,5
86,1
87,4
88,5
89,1
90,2
91,5
92,2
93,5
94,2
95,1
96,0
97,2
98,4
99,1
100,4
101,2
102,6
103,2
104,3
105,6
106,6
107,3
108,3
109,2
110,0
111,0
112,5
113,1
114,5
115,0
116,0
117,0
118,4
119,1
120,5
121,4
122,1
123,0
124,0
125,5
126,1
127,5
128,2
129,1
130,1
131,6
132,2
133,4
134,2
135,1
136,0
137,1
138,0
139,0
140,6
141,4
142,3
143,6
144,2
145,6
146,4
147,6
148,0
149,0
150,5
151,5
152,1
153,3
154,3
155,3
156,5
157,1
158,2
159,3
160,2
161,3
162,5
163,0
164,6
165,1
166,1
167,0
168,4
169,5
170,6
171,3
172,1
173,4
174,1
175,5
176,1
177,6
178,5
179,6
180,5
181,3
182,4
183,0
184,2
185,2
186,3
187,6
188,2
189,3
190,5
191,6
192,3
193,2
194,5
195,4
196,4
197,2
198,2
199,4
200,5
201,6
202,4
203,3
204,5
205,5
206,5
207,1
208,3
209,6
210,1
211,3
212,5
213,4
214,3
215,5
216,4
217,6
218,6
219,4
220,5
221,6
222,4
223,6
224,1
225,1
226,1
227,4
228,1
229,2
230,4
231,5
232,3
233,2
234,2
235,4
236,0
237,1
238,1
239,5
240,6
241,6
242,2
243,3
244,0
245,4
246,6
247,2
248,3
249,5
250,4
251,1
252,6
253,0
254,5
255,4
256,1
257,0
258,5
259,1
260,3
261,0
262,4
263,5
264,3
265,3
266,6
267,0
268,0
269,2
270,4
271,2
272,5
273,1
274,3
275,6
276,3
277,0
278,3
279,2
280,5
281,0
282,6
283,6
284,2
285,6
286,0
287,4
288,0
289,1
290,3
291,5
292,5
293,6
294,0
295,2
296,5
297,2
298,3
299,0
300,3
301,5
302,2
303,5
304,0
305,0
306,5
307,2
308,4
309,6
310,2
311,6
312,2
313,6
314,6
315,6
316,0
317,1
318,4
319,0
320,2
321,6
322,4
323,1
324,4
325,2
326,2
327,4
328,0
329,0
330,6
331,1
332,6
333,4
334,3
335,3
336,1
337,5
338,3
339,2
340,6
341,3
342,6
343,2
344,6
345,0
346,6
347,1
348,6
349,5
350,6
351,5
352,1
353,0
354,5
355,6
356,5
357,2
358,1
359,4
360,1
361,5
362,2
363,5
364,1
365,1
366,1
367,2
368,0
369,1
370,1
371,6
372,2
373,1
374,4
375,0
376,0
377,0
378,1
379,4
380,0
381,5
382,0
383,1
384,4
385,6
386,6
387,3
388,4
389,2
390,2
391,4
392,3
393,2
394,3
395,3
396,0
397,0
398,2
399,5
400,5
401,1
402,1
403,5
404,5
405,4
406,3
407,2
408,5
409,0
410,4
411,6
412,5
413,2
414,3
415,1
416,1
417,6
418,6
419,5
420,5
421,4
422,2
423,3
424,4
425,3
426,6
427,6
428,6
429,4
430,1
431,2
432,2
433,1
434,6
435,2
436,2
437,2
438,4
439,5
440,1
441,4
442,4
443,5
444,2
445,2
446,4
447,1
448,0
449,3
450,1
451,3
452,0
453,6
454,5
455,1
456,0
457,6
458,4
459,1
460,6
461,4
462,0
463,5
464,0
465,6
466,0
467,5
468,0
469,6
470,4
471,5
472,0
473,2
474,4
475,2
476,5
477,2
478,1
479,6
480,5
481,0
482,0
483,2
484,4
485,2
486,6
487,3
488,1
489,4
490,1
491,6
492,3
493,2
494,4
495,0
496,4
497,2
498,6
499,5
500,3
501,6
502,4
503,0
504,4
505,6
506,4
507,5
508,6
509,2
510,5
511,0
512,4
513,3
514,6
515,4
516,3
517,2
518,1
519,6
520,1
521,5
522,6
523,4
524,1
525,1
526,6
527,3
528,4
529,4
530,4
531,5
532,5
533,1
534,1
535,2
536,1
537,5
538,4
539,5
540,4
541,5
542,3
543,6
544,2
545,2
546,2
547,0
548,1
549,3
550,0
551,6
552,1
553,3
554,5
555,0
556,3
557,0
558,4
559,2
560,3
561,0
562,1
563,1
564,6
565,3
566,0
567,1
568,6
569,2
570,6
571,2
572,3
573,6
574,3
575,3
576,0
577,6
578,6
579,4
580,4
581,3
582,3
583,3
584,2
585,4
586,3
587,0
588,6
589,1
590,4
591,6
592,4
593,4
594,6
595,6
596,3
597,5
598,3
599,1
600,0
601,6
602,3
603,3
604,3
605,4
606,3
607,4
608,6
609,2
610,1
611,5
612,0
613,6
614,1
615,5
616,6
617,4
618,3
619,6
620,0
621,3
622,4
623,1
624,2
625,2
626,2
627,4
628,0
629,4
630,5
631,4
632,5
633,0
634,1
635,4
636,1
637,4
638,5
639,6
640,6
641,0
642,0
643,1
644,0
645,1
646,1
647,5
648,0
649,4
650,4
651,6
652,6
653,2
654,1
655,1
656,4
657,6
658,6
659,4
660,5
661,3
662,5
663,3
664,1
665,5
666,4
667,3
668,4
669,0
670,3
671,4
672,1
673,0
674,4
675,5
676,4
677,4
678,3
679,2
680,4
681,4
682,2
683,4
684,6
685,1
686,3
687,4
688,4
689,3
690,0
691,2
692,3
693,3
694,6
695,5
696,6
697,0
698,1
699,4
700,1
701,0
702,3
703,2
704,2
705,4
706,1
707,0
708,0
709,6
710,0
711,0
712,2
713,1
714,2
715,1
716,4
717,4
718,4
719,3
720,3
721,6
722,2
723,3
724,4
725,6
726,1
727,6
728,6
729,4
730,4
731,5
732,0
733,1
734,3
735,2
736,4
737,3
738,1
739,1
740,5
741,4
742,0
743,1
744,0
745,2
746,6
747,1
748,5
749,5
750,4
751,4
752,1
753,2
754,6
755,2
756,6
757,3
758,2
759,6
760,4
761,5
762,2
763,6
764,2
765,6
766,4
767,1
768,1
769,6
770,6
771,4
772,1
773,3
774,1
775,5
776,1
777,1
778,5
779,5
780,5
781,5
782,5
783,2
784,2
785,5
786,3
787,6
788,1
789,3
790,6
791,0
792,3
793,6
794,4
795,2
796,6
797,0
798,0
799,4
800,2
801,2
802,1
803,3
804,4
805,0
806,4
807,6
808,2
809,2
810,6
811,5
812,4
813,1
814,3
815,4
816,0
817,1
818,2
819,0
820,4
821,1
822,3
823,2
824,1
825,4
826,6
827,4
828,6
829,2
830,5
831,0
832,5
833,4
834,3
835,2
836,4
837,4
838,2
839,1
840,6
841,3
842,2
843,3
844,1
845,0
846,4
847,3
848,2
849,2
850,2
851,5
852,4
853,4
854,4
855,6
856,2
857,3
858,5
859,2
860,5
861,4
862,4
863,5
864,1
865,3
866,3
867,4
868,6
869,5
870,4
871,5
872,2
873,6
874,2
875,5
876,3
877,3
878,5
879,1
880,6
881,6
882,0
883,1
884,3
885,3
886,1
887,1
888,4
889,0
890,5
891,0
892,0
893,6
894,1
895,1
896,4
897,1
898,5
899,2
900,0
901,5
902,3
903,4
904,1
905,0
906,4
907,0
908,2
909,6
910,6
911,3
912,3
913,6
914,1
915,0
916,5
917,2
918,6
919,4
920,4
921,3
922,6
923,3
924,2
925,2
926,6
927,5
928,5
929,6
930,0
931,5
932,4
933,3
934,5
935,3
936,5
937,0
938,5
939,6
940,1
941,5
942,6
943,5
944,6
945,5
946,2
947,4
948,0
949,4
950,5
951,4
952,0
953,2
954,3
955,3
956,5
957,1
958,5
959,0
960,3
961,5
962,6
963,0
964,2
965,2
966,5
967,0
968,3
969,5
970,3
971,1
972,2
973,5
974,5
975,2
976,5
977,2
978,0
979,0
980,1
981,3
982,4
983,2
984,4
985,2
986,6
987,2
988,4
989,1
990,5
991,6
992,3
993,6
994,2
995,0
996,1
997,4
998,5
999,3
1000,6
1001,3
1002,4
1003,3
1004,0
1005,3
1006,5
1007,6
1008,4
1009,0
1010,0
1011,6
1012,6
1013,0
1014,5
1015,0
1016,3
1017,1
1018,6
1019,1
1020,6
1021,6
1022,2
1023,2
1024,1
1025,5
1026,6
1027,3
1028,3
1029,1
1030,3
1031,5
1032,2
1033,4
1034,2
1035,3
1036,2
1037,4
1038,4
1039,0
1040,0
1041,0
1042,2
1043,2
1044,1
1045,0
1046,3
1047,5
1048,1
1049,5
1050,4
1051,3
1052,1
1053,6
1054,5
1055,3
1056,0
1057,1
1058,3
1059,0
1060,2
1061,6
1062,1
1063,4
1064,3
1065,6
1066,3
1067,0
1068,4
1069,4
1070,3
1071,2
1072,2
1073,6
1074,3
1075,5
1076,0
1077,5
1078,2
1079,6
1080,2
1081,6
1082,4
1083,5
1084,0
1085,4
1086,1
1087,5
1088,4
1089,5
1090,5
1091,0
1092,4
1093,0
1094,0
1095,4
1096,2
1097,0
1098,6
1099,4
1100,6
1101,4
1102,2
1103,0
1104,6
1105,1
1106,4
1107,5
1108,1
1109,4
1110,0
1111,6
1112,5
1113,3
1114,4
1115,6
1116,5
1117,6
1118,1
1119,6
1120,3
1121,1
1122,6
1123,2
1124,6
1125,3
1126,6
1127,2
1128,5
1129,6
1130,3
1131,0
1132,0
1133,3
1134,6
1135,5
1136,6
1137,2
1138,0
1139,2
1140,4
1141,3
1142,4
1143,6
1144,5
1145,6
1146,4
1147,1
1148,4
1149,6
1150,2
1151,3
1152,6
1153,0
1154,1
1155,1
1156,2
1157,1
1158,5
1159,0
1160,1
1161,5
1162,5
1163,5
1164,0
1165,5
1166,2
1167,1
1168,6
1169,1
1170,3
1171,1
1172,3
1173,3
1174,0
1175,3
1176,1
1177,5
1178,2
1179,5
1180,6
1181,2
1182,4
1183,3
1184,1
1185,2
1186,4
1187,3
1188,6
1189,6
1190,2
1191,5
1192,2
1193,1
1194,6
1195,3
1196,6
1197,3
1198,6
1199,4
1200,6
1201,4
1202,5
1203,1
1204,1
1205,3
1206,5
1207,4
1208,5
1209,1
1210,3
1211,5
1212,1
1213,4
1214,0
1215,1
1216,6
1217,2
1218,2
1219,4
1220,5
1221,6
1222,3
1223,0
1224,0
1225,2
1226,5
1227,2
1228,1
1229,4
1230,0
1231,3
1232,2
1233,4
1234,3
1235,5
1236,2
1237,0
1238,6
1239,2
1240,3
1241,1
1242,3
1243,1
1244,4
1245,1
1246,3
1247,0
1248,3
1249,2
1250,3
1251,6
1252,3
1253,6
1254,2
1255,0
1256,0
1257,2
1258,0
1259,1
1260,3
1261,3
1262,4
1263,1
1264,3
1265,1
1266,1
1267,5
1268,3
1269,5
1270,2
1271,0
1272,4
1273,2
1274,4
1275,3
1276,1
1277,3
1278,2
1279,2
1280,2
1281,6
1282,0
1283,1
1284,1
1285,3
1286,6
1287,1
1288,2
1289,1
1290,6
1291,4
1292,6
1293,1
1294,3
1295,1
1296,5
1297,2
1298,1
1299,0
1300,1
1301,5
1302,5
1303,3
1304,1
1305,6
1306,3
1307,3
1308,1
1309,0
1310,5
1311,1
1312,5
1313,3
1314,2
1315,3
1316,2
1317,1
1318,0
1319,0
1320,3
1321,1
1322,4
1323,2
1324,1
1325,3
1326,1
1327,0
1328,2
1329,6
1330,5
1331,5
1332,2
1333,6
1334,2
1335,1
1336,3
1337,0
1338,3
1339,4
1340,3
1341,1
1342,2
1343,3
1344,1
1345,0
1346,4
1347,5
1348,5
1349,0
1350,3
1351,4
1352,4
1353,1
1354,2
1355,3
1356,4
1357,0
1358,6
1359,3
1360,1
1361,2
1362,4
1363,1
1364,1
1365,5
1366,4
1367,1
1368,4
1369,2
1370,2
1371,5
1372,2
1373,0
1374,6
1375,3
1376,2
1377,0
1378,3
1379,3
1380,5
1381,0
1382,6
1383,6
1384,0
1385,2
1386,2
1387,6
1388,2
1389,1
1390,0
1391,1
1392,3
1393,3
1394,3
1395,5
1396,5
1397,1
1398,1
1399,2
1400,2
1401,4
1402,5
1403,6
1404,2
1405,2
1406,0
1407,5
1408,5
1409,2
1410,2
1411,4
1412,3
1413,1
1414,4
1415,3
1416,6
1417,5
1418,2
1419,5
1420,5
1421,1
1422,0
1423,6
1424,2
1425,0
1426,6
1427,3
1428,0
1429,4
1430,3
1431,0
1432,3
1433,5
1434,4
1435,6
1436,6
1437,3
1438,6
1439,3
1440,1
1441,1
1442,2
1443,2
1444,1
1445,1
1446,6
1447,0
1448,5
1449,2
1450,0
1451,3
1452,3
1453,6
1454,0
1455,0
1456,0
1457,5
1458,1
1459,0
1460,1
1461,2
1462,3
1463,6
1464,5
1465,3
1466,5
1467,2
1468,3
1469,4
1470,1
1471,5
1472,2
1473,3
1474,5
1475,6
1476,6
1477,3
1478,1
1479,2
1480,2
1481,5
1482,1
1483,5
1484,2
1485,3
1486,4
1487,2
1488,6
1489,4
1490,0
1491,0
1492,4
1493,2
1494,0
1495,5
1496,0
1497,6
1498,5
1499,5
1500,4
1501,6
1502,6
1503,6
1504,2
1505,5
1506,6
1507,6
1508,0
1509,1
1510,4
1511,6
1512,5
1513,5
1514,3
1515,6
1516,2
1517,2
1518,4
1519,3
1520,6
1521,5
1522,6
1523,4
1524,5
1525,1
1526,0
1527,6
1528,3
1529,3
1530,6
1531,0
1532,4
1533,0
1534,2
1535,2
1536,1
1537,5
1538,0
1539,1
1540,6
1541,2
1542,1
1543,1
1544,3
1545,2
1546,3
1547,2
1548,6
1549,4
1550,1
1551,2
1552,3
1553,0
1554,3
1555,0
1556,4
1557,5
1558,6
1559,3
1560,4
1561,1
1562,5
1563,6
1564,5
1565,2
1566,0
1567,2
1568,6
1569,1
1570,3
1571,5
1572,4
1573,4
1574,2
1575,2
1576,6
1577,4
1578,6
1579,0
1580,1
1581,0
1582,4
1583,6
1584,0
1585,0
1586,1
1587,2
1588,5
1589,2
1590,2
1591,0
1592,2
1593,6
1594,0
1595,2
1596,4
1597,5
1598,5
1599,4
1600,5
1601,0
1602,1
1603,0
1604,6
1605,1
1606,3
1607,2
1608,0
1609,5
1610,0
1611,4
1612,2
1613,1
1614,4
1615,4
1616,0
1617,2
1618,2
1619,6
1620,6
1621,5
1622,6
1623,0
1624,4
1625,6
1626,1
1627,2
1628,1
1629,3
1630,6
1631,1
1632,1
1633,3
1634,0
1635,6
1636,6
1637,0
1638,5
1639,3
1640,3
1641,1
1642,0
1643,1
1644,3
1645,4
1646,2
1647,5
1648,2
1649,4
1650,2
1651,0
1652,0
1653,4
1654,3
1655,4
1656,4
1657,1
1658,0
1659,3
1660,3
1661,2
1662,6
1663,4
1664,2
1665,2
1666,0
1667,4
1668,6
1669,5
1670,3
1671,4
1672,3
1673,4
1674,2
1675,0
1676,6
1677,4
1678,3
1679,1
1680,4
1681,2
1682,5
1683,2
1684,3
1685,6
1686,6
1687,5
1688,3
1689,4
1690,6
1691,2
1692,0
1693,0
1694,2
1695,4
1696,4
1697,2
1698,0
1699,1
1700,5
1701,3
1702,1
1703,1
1704,1
1705,4
1706,5
1707,2
1708,0
1709,1
1710,2
1711,4
1712,4
1713,3
1714,5
1715,4
1716,5
1717,0
1718,1
1719,4
1720,2
1721,0
1722,2
1723,1
1724,0
1725,4
1726,1
1727,6
1728,2
1729,0
1730,4
1731,4
1732,0
1733,1
1734,0
1735,6
1736,1
1737,3
1738,1
1739,0
1740,3
1741,3
1742,3
1743,6
1744,6
1745,4
1746,5
1747,0
1748,6
1749,6
1750,2
1751,1
1752,2
1753,6
1754,5
1755,5
1756,2
1757,0
1758,0
1759,3
1760,1
1761,5
1762,3
1763,2
1764,0
1765,3
1766,6
1767,1
1768,0
1769,0
1770,1
1771,4
1772,5
1773,4
1774,1
1775,1
1776,0
1777,0
1778,3
1779,4
1780,2
1781,3
1782,0
1783,6
1784,2
1785,6
1786,0
1787,6
1788,3
1789,2
1790,5
1791,0
1792,6
1793,1
1794,5
1795,1
1796,0
1797,6
1798,3
1799,3
1800,5
1801,1
1802,2
1803,1
1804,4
1805,3
1806,5
1807,0
1808,0
1809,2
1810,5
1811,2
1812,5
1813,5
1814,2
1815,6
1816,1
1817,6
1818,0
1819,6
1820,1
1821,6
1822,5
1823,5
1824,2
1825,6
1826,6
1827,2
1828,5
1829,0
1830,3
1831,6
1832,5
1833,6
1834,0
1835,5
1836,4
1837,5
1838,5
1839,3
1840,5
1841,0
1842,1
1843,4
1844,3
1845,3
1846,0
1847,6
1848,5
1849,1
1850,3
1851,2
1852,6
1853,2
1854,5
1855,4
1856,3
1857,6
1858,3
1859,5
1860,2
1861,2
1862,1
1863,6
1864,2
1865,0
1866,0
1867,4
1868,1
1869,2
1870,3
1871,5
1872,3
1873,4
1874,6
1875,3
1876,1
1877,5
1878,5
1879,0
1880,4
1881,1
1882,3
1883,1
1884,4
1885,2
1886,6
1887,4
1888,3
1889,1
1890,6
1891,1
1892,6
1893,5
1894,4
1895,4
1896,2
1897,5
1898,4
1899,4
1900,6
1901,1
1902,6
1903,0
1904,3
1905,1
1906,2
1907,1
1908,3
1909,5
1910,4
1911,2
1912,4
1913,3
1914,5
1915,5
1916,4
1917,6
1918,5
1919,1
1920,2
1921,0
1922,2
1923,6
1924,4
1925,0
1926,3
1927,0
1928,1
1929,5
1930,2
1931,3
1932,0
1933,6
1934,1
1935,1
1936,0
1937,3
1938,5
1939,4
1940,4
1941,4
1942,3
1943,4
1944,5
1945,4
1946,1
1947,1
1948,5
1949,0
1950,1
1951,4
1952,2
1953,0
1954,5
1955,1
1956,5
1957,2
1958,1
1959,6
1960,6
1961,5
1962,5
1963,5
1964,1
1965,4
1966,6
1967,5
1968,1
1969,5
1970,0
1971,2
1972,6
1973,2
1974,3
1975,1
1976,1
1977,0
1978,3
1979,5
1980,1
1981,1
1982,0
1983,3
1984,4
1985,5
1986,4
1987,5
1988,0
1989,0
1990,6
1991,5
1992,4
1993,1
1994,0
1995,5
1996,2
1997,6
1998,3
1999,1
2000,4
2001,3
2002,1
2003,6
2004,1
2005,0
2006,3
2007,3
2008,2
2009,5
2010,6
2011,1
2012,4
2013,6
2014,4
2015,3
2016,2
2017,4
2018,6
2019,0
2020,1
2021,3
2022,2
2023,6
2024,2
2025,1
2026,0
2027,6
2028,2
2029,1
2030,1
2031,6
2032,4
2033,4
2034,1
2035,4
2036,0
2037,5
2038,1
2039,5
2040,2
2041,0
2042,2
2043,1
2044,3
2045,5
2046,0
2047,4
2048,6
2049,1
2050,3
2051,0
2052,0
2053,4
2054,5
2055,1
2056,5
2057,0
2058,2
2059,5
2060,1
2061,5
2062,5
2063,6
2064,2
2065,3
2066,5
2067,0
2068,0
2069,3
2070,5
2071,0
2072,0
2073,5
2074,4
2075,4
2076,1
2077,5
2078,5
2079,5
2080,5
2081,0
2082,0
2083,1
2084,5
2085,4
2086,3
2087,4
2088,6
2089,1
2090,4
2091,6
2092,0
2093,0
2094,1
2095,2
2096,6
2097,4
2098,2
2099,4
2100,4
2101,5
2102,2
2103,2
2104,3
2105,1
2106,3
2107,3
2108,2
2109,4
2110,1
2111,1
2112,5
2113,0
2114,1
2115,1
2116,5
2117,5
2118,3
2119,4
2120,2
2121,4
2122,5
2123,4
2124,0
2125,4
2126,6
2127,5
2128,2
2129,6
2130,4
2131,5
2132,4
2133,5
2134,1
2135,2
2136,0
2137,5
2138,2
2139,6
2140,1
2141,1
2142,2
2143,5
2144,3
2145,2
2146,1
2147,0
2148,3
2149,3
2150,0
2151,3
2152,1
2153,1
2154,1
2155,5
2156,3
2157,1
2158,4
2159,0
2160,3
2161,4
2162,6
2163,1
2164,5
2165,0
2166,1
2167,0
2168,2
2169,1
2170,2
2171,1
2172,6
2173,3
2174,6
2175,1
2176,0
2177,1
2178,2
2179,5
2180,6
2181,2
2182,0
2183,4
2184,4
2185,1
2186,4
2187,1
2188,4
2189,3
2190,4
2191,2
2192,0
2193,1
2194,1
2195,3
2196,4
2197,2
2198,1
2199,5
2200,2
2201,2
2202,4
2203,4
2204,4
2205,4
2206,6
2207,2
2208,1
2209,6
2210,3
2211,0
2212,0
2213,0
2214,0
2215,5
2216,6
2217,6
2218,6
2219,4
2220,6
2221,4
2222,4
2223,6
2224,0
2225,0
2226,6
2227,0
2228,5
2229,4
2230,4
2231,4
2232,3
2233,3
2234,1
2235,3
2236,1
2237,5
2238,0
2239,5
2240,5
2241,5
2242,4
2243,1
2244,1
2245,2
2246,2
2247,2
2248,5
2249,1
2250,0
2251,6
2252,0
2253,0
2254,1
2255,0
2256,4
2257,4
2258,5
2259,3
2260,1
2261,1
2262,2
2263,2
2264,1
2265,0
2266,6
2267,4
2268,3
2269,1
2270,1
2271,3
2272,0
2273,0
2274,2
2275,4
2276,1
2277,0
2278,2
2279,2
2280,4
2281,1
2282,2
2283,2
2284,5
2285,6
2286,1
2287,5
2288,5
2289,1
2290,4
2291,4
2292,1
2293,5
2294,5
2295,5
2296,5
2297,4
2298,1
2299,6
2300,1
2301,1
2302,1
2303,6
2304,2
2305,1
2306,3
2307,2
2308,3
2309,4
2310,2
2311,6
2312,0
2313,5
2314,1
2315,0
2316,6
2317,6
2318,4
2319,1
2320,2
2321,1
2322,5
2323,6
2324,2
2325,0
2326,4
2327,2
2328,2
2329,2
2330,0
2331,2
2332,1
2333,3
2334,4
2335,4
2336,4
2337,1
2338,2
2339,1
2340,2
2341,3
2342,6
2343,2
2344,2
2345,2
2346,2
2347,4
2348,5
2349,0
2350,5
2351,1
2352,4
2353,4
2354,0
2355,4
2356,1
2357,3
2358,2
2359,2
2360,3
2361,0
2362,4
2363,3
2364,4
2365,4
2366,5
2367,3
2368,5
2369,0
2370,1
2371,3
2372,2
2373,5
2374,6
2375,4
2376,1
2377,1
2378,5
2379,6
2380,2
2381,1
2382,6
2383,6
2384,2
2385,5
2386,2
2387,3
2388,1
2389,4
2390,2
2391,0
2392,1
2393,0
2394,3
2395,4
2396,3
2397,4
2398,0
2399,2
2400,4
2401,2
2402,2
2403,2
2404,4
2405,1
2406,1
2407,0
2408,0
2409,5
2410,6
2411,4
2412,3
2413,6
2414,2
2415,6
2416,5
2417,5
2418,4
2419,3
2420,5
2421,6
2422,6
2423,0
2424,0
2425,1
2426,2
2427,6
2428,6
2429,2
2430,6
2431,1
2432,0
2433,2
2434,1
2435,5
2436,4
2437,4
2438,2
2439,0
2440,4
2441,5
2442,5
2443,6
2444,4
2445,6
2446,5
2447,1
2448,0
2449,1
2450,1
2451,6
2452,0
2453,0
2454,1
2455,2
2456,4
2457,2
2458,5
2459,3
2460,1
2461,3
2462,4
2463,3
2464,5
2465,3
2466,2
2467,6
2468,3
2469,5
2470,0
2471,4
2472,4
2473,4
2474,0
2475,6
2476,5
2477,0
2478,6
2479,6
2480,6
2481,4
2482,0
2483,4
2484,2
2485,2
2486,3
2487,4
2488,1
2489,4
2490,2
2491,1
2492,4
2493,2
2494,0
2495,5
2496,4
2497,5
2498,0
2499,5
2500,3
2501,3
2502,4
2503,2
2504,5
2505,1
2506,2
2507,0
2508,3
2509,6
2510,5
2511,1
2512,4
2513,1
2514,3
2515,4
2516,3
2517,2
2518,1
2519,6
2520,6
2521,4
2522,4
2523,2
2524,2
2525,1
2526,2
2527,0
2528,1
2529,2
2530,0
2531,4
2532,2
2533,5
2534,2
2535,0
2536,0
2537,2
2538,1
2539,5
2540,5
2541,5
2542,6
2543,0
2544,1
2545,2
2546,1
2547,4
2548,1
2549,6
2550,6
2551,3
2552,6
2553,6
2554,1
2555,2
2556,5
2557,3
2558,6
2559,4
2560,1
2561,4
2562,0
2563,5
2564,0
2565,0
2566,3
2567,0
2568,1
2569,5
2570,5
2571,0
2572,1
2573,4
2574,5
2575,4
2576,3
2577,6
2578,5
2579,4
2580,1
2581,3
2582,4
2583,0
2584,5
2585,6
2586,1
2587,3
2588,3
2589,3
2590,1
2591,5
2592,4
2593,5
2594,2
2595,6
2596,6
2597,2
2598,2
2599,2
2600,1
2601,5
2602,3
2603,2
2604,6
2605,6
2606,6
2607,2
2608,6
2609,6
2610,2
2611,4
2612,0
2613,5
2614,5
2615,0
2616,5
2617,5
2618,1
2619,1
2620,0
2621,3
2622,4
2623,4
2624,6
2625,1
2626,4
2627,3
2628,3
2629,5
2630,4
2631,1
2632,2
2633,0
2634,4
2635,3
2636,0
2637,3
2638,2
2639,0
2640,3
2641,6
2642,6
2643,0
2644,4
2645,1
2646,6
2647,1
2648,0
2649,4
2650,6
2651,6
2652,6
2653,5
2654,6
2655,0
2656,6
2657,4
2658,2
2659,2
2660,6
2661,4
2662,0
2663,1
2664,2
2665,5
2666,6
2667,3
2668,4
2669,4
2670,4
2671,4
2672,0
2673,1
2674,5
2675,5
2676,1
2677,1
2678,2
2679,4
2680,0
2681,4
2682,0
2683,4
2684,4
2685,4
2686,5
2687,6
2688,1
2689,3
2690,0
2691,3
2692,3
2693,1
2694,4
2695,6
2696,1
2697,0
2698,2
2699,1
2700,5
2701,2
2702,0
2703,3
2704,0
2705,6
2706,0
2707,5
2708,4
2709,3
2710,2
2711,1
2712,6
2713,4
2714,5
2715,1
2716,0
2717,2
2718,0
2719,3
2720,5
2721,2
2722,1
2723,4
2724,1
2725,5
2726,3
2727,2
2728,2
2729,5
2730,3
2731,3
2732,0
2733,0
2734,1
2735,5
2736,5
2737,6
2738,5
2739,1
2740,2
2741,2
2742,5
2743,0
2744,1
2745,0
2746,2
2747,4
2748,0
2749,2
2750,2
2751,0
2752,0
2753,1
2754,4
2755,3
2756,6
2757,2
2758,2
2759,2
2760,2
2761,4
2762,6
2763,1
2764,4
2765,0
2766,1
2767,6
2768,4
2769,5
2770,2
2771,0
2772,6
2773,2
2774,2
2775,0
2776,0
2777,5
2778,0
2779,6
2780,5
2781,3
2782,0
2783,4
2784,4
2785,1
2786,2
2787,3
2788,4
2789,4
2790,5
2791,6
2792,4
2793,3
2794,3
2795,2
2796,6
2797,6
2798,2
2799,4
2800,4
2801,5
2802,6
2803,3
2804,6
2805,0
2806,6
2807,4
2808,3
2809,3
2810,2
2811,5
2812,4
2813,3
2814,1
2815,3
2816,0
2817,2
2818,0
2819,0
2820,5
2821,5
2822,0
2823,0
2824,6
2825,4
2826,0
2827,4
2828,5
2829,1
2830,6
2831,2
2832,6
2833,2
2834,2
2835,3
2836,4
2837,6
2838,4
2839,3
2840,1
2841,2
2842,3
2843,5
2844,0
2845,6
2846,0
2847,1
2848,3
2849,1
2850,1
2851,5
2852,3
2853,6
2854,1
2855,3
2856,3
2857,0
2858,5
2859,5
2860,2
2861,0
2862,5
2863,3
2864,4
2865,6
2866,4
2867,5
2868,1
2869,0
2870,5
2871,3
2872,0
2873,5
2874,2
2875,5
2876,3
2877,0
2878,5
2879,0
2880,2
2881,4
2882,1
2883,3
2884,2
2885,2
2886,5
2887,1
2888,6
2889,1
2890,4
2891,3
2892,3
2893,0
2894,0
2895,0
2896,2
2897,1
2898,4
2899,1
2900,3
2901,0
2902,1
2903,3
2904,4
2905,2
2906,6
2907,3
2908,0
2909,1
2910,5
2911,2
2912,5
2913,6
2914,2
2915,1
2916,6
2917,0
2918,6
2919,6
2920,1
2921,6
2922,5
2923,5
2924,1
2925,0
2926,1
2927,6
2928,3
2929,0
2930,5
2931,5
2932,3
2933,5
2934,6
2935,6
2936,2
2937,5
2938,6
2939,5
2940,3
2941,1
2942,6
2943,0
2944,0
2945,6
2946,2
2947,0
2948,1
2949,6
2950,1
2951,2
2952,1
2953,0
2954,6
2955,2
2956,0
2957,2
2958,4
2959,3
2960,4
2961,4
2962,2
2963,4
2964,2
2965,3
2966,5
2967,3
2968,1
2969,0
2970,0
2971,0
2972,4
2973,6
2974,3
2975,5
2976,5
2977,6
2978,0
2979,5
2980,6
2981,0
2982,0
2983,0
2984,3
2985,6
2986,4
2987,3
2988,0
2989,3
2990,2
2991,1
2992,1
2993,6
2994,4
2995,2
2996,2
2997,4
2998,2
2999,2
3000,3
3001,1
3002,6
3003,3
3004,2
3005,4
3006,6
3007,4
3008,2
3009,2
3010,0
3011,6
3012,1
3013,0
3014,4
3015,0
3016,1
3017,5
3018,1
3019,2
3020,6
3021,5
3022,2
3023,0
3024,4
3025,3
3026,0
3027,5
3028,3
3029,3
3030,1
3031,4
3032,4
3033,3
3034,3
3035,5
3036,6
3037,2
3038,5
3039,2
3040,5
3041,5
3042,4
3043,3
3044,6
3045,5
3046,4
3047,4
3048,0
3049,4
3050,5
3051,1
3052,3
3053,0
3054,3
3055,6
3056,2
3057,3
3058,6
3059,6
3060,2
3061,6
3062,4
3063,4
3064,5
3065,6
3066,5
3067,5
3068,1
3069,0
3070,2
3071,1
3072,0
3073,1
3074,4
3075,3
3076,0
3077,2
3078,3
3079,3
3080,6
3081,1
3082,4
3083,6
3084,0
3085,2
3086,6
3087,2
3088,6
3089,1
3090,6
3091,4
3092,3
3093,5
3094,2
3095,5
3096,4
3097,4
3098,2
3099,2
3100,2
3101,5
3102,4
3103,3
3104,0
3105,2
3106,6
3107,5
3108,4
3109,2
3110,4
3111,2
3112,1
3113,0
3114,4
3115,0
3116,5
3117,5
3118,3
3119,3
3120,3
3121,1
3122,1
3123,1
3124,5
3125,2
3126,1
3127,6
3128,5
3129,5
3130,4
3131,3
3132,3
3133,2
3134,6
3135,5
3136,2
3137,5
3138,4
3139,5
3140,2
3141,6
3142,4
3143,6
3144,0
3145,1
3146,4
3147,1
3148,6
3149,3
3150,6
3151,6
3152,6
3153,6
3154,3
3155,4
3156,1
3157,1
3158,4
3159,1
3160,5
3161,0
3162,1
3163,2
3164,3
3165,6
3166,2
3167,4
3168,1
3169,0
3170,5
3171,1
3172,5
3173,4
3174,6
3175,4
3176,2
3177,1
3178,1
3179,4
3180,1
3181,5
3182,1
3183,5
3184,4
3185,0
3186,4
3187,2
3188,4
3189,4
3190,5
3191,4
3192,3
3193,1
3194,4
3195,0
3196,3
3197,2
3198,4
3199,2
3200,5
3201,5
3202,0
3203,1
3204,0
3205,3
3206,3
3207,3
3208,5
3209,1
3210,0
3211,2
3212,3
3213,5
3214,5
3215,2
3216,1
3217,2
3218,1
3219,3
3220,1
3221,0
3222,1
3223,4
3224,0
3225,4
3226,5
3227,4
3228,6
3229,3
3230,2
3231,4
3232,5
3233,6
3234,6
3235,1
3236,6
3237,5
3238,6
3239,1
3240,1
3241,6
3242,6
3243,4
3244,1
3245,0
3246,1
3247,5
3248,0
3249,2
3250,5
3251,2
3252,3
3253,4
3254,6
3255,3
3256,0
3257,1
3258,6
3259,2
3260,0
3261,5
3262,0
3263,2
3264,4
3265,1
3266,0
3267,1
3268,0
3269,2
3270,5
3271,2
3272,5
3273,3
3274,2
3275,1
3276,0
3277,1
3278,2
3279,3
3280,6
3281,4
3282,4
3283,5
3284,3
3285,3
3286,0
3287,2
3288,3
3289,1
3290,1
3291,2
3292,2
3293,3
3294,1
3295,3
3296,6
3297,5
3298,1
3299,3
3300,5
3301,0
3302,6
3303,6
3304,1
3305,1
3306,2
3307,2
3308,2
3309,4
3310,4
3311,0
3312,2
3313,5
3314,2
3315,2
3316,6
3317,4
3318,0
3319,4
3320,4
3321,2
3322,5
3323,1
3324,6
3325,2
3326,4
3327,0
3328,2
3329,2
3330,1
3331,2
3332,2
3333,3
3334,3
3335,6
3336,3
3337,2
3338,1
3339,4
3340,2
3341,6
3342,2
3343,3
3344,1
3345,2
3346,4
3347,2
3348,5
3349,1
3350,5
3351,2
3352,2
3353,2
3354,6
3355,6
3356,0
3357,4
3358,0
3359,3
3360,2
3361,3
3362,1
3363,3
3364,5
3365,6
3366,0
3367,4
3368,4
3369,4
3370,5
3371,6
3372,0
3373,0
3374,4
3375,3
3376,3
3377,5
3378,2
3379,4
3380,0
3381,1
3382,4
3383,4
3384,2
3385,2
3386,3
3387,6
3388,5
3389,4
3390,0
3391,5
3392,6
3393,2
3394,1
3395,3
3396,5
3397,2
3398,4
3399,2
3400,5
3401,6
3402,3
3403,2
3404,3
3405,4
3406,0
3407,5
3408,3
3409,1
3410,4
3411,4
3412,6
3413,4
3414,2
3415,0
3416,1
3417,4
3418,0
3419,0
3420,6
3421,0
3422,2
3423,3
3424,4
3425,0
3426,2
3427,5
3428,6
3429,5
3430,4
3431,5
3432,4
3433,0
3434,5
3435,1
3436,2
3437,6
3438,5
3439,2
3440,4
3441,0
3442,0
3443,5
3444,6
3445,5
3446,3
3447,2
3448,6
3449,4
3450,0
3451,4
3452,2
3453,6
3454,2
3455,3
3456,3
3457,5
3458,6
3459,6
3460,5
3461,5
3462,5
3463,6
3464,1
3465,3
3466,6
3467,1
3468,5
3469,0
3470,2
3471,3
3472,5
3473,5
3474,1
3475,4
3476,6
3477,3
3478,4
3479,4
3480,2
3481,0
3482,1
3483,5
3484,6
3485,5
3486,5
3487,0
3488,3
3489,1
3490,3
3491,1
3492,4
3493,6
3494,3
3495,3
3496,5
3497,3
3498,6
3499,4
3500,4
3501,3
3502,5
3503,4
3504,2
3505,6
3506,5
3507,0
3508,6
3509,0
3510,5
3511,4
3512,4
3513,1
3514,0
3515,1
3516,0
3517,5
3518,0
3519,2
3520,1
3521,3
3522,2
3523,6
3524,3
3525,2
3526,4
3527,3
3528,6
3529,4
3530,6
3531,3
3532,2
3533,1
3534,1
3535,1
3536,2
3537,2
3538,1
3539,1
3540,0
3541,3
3542,3
3543,2
3544,6
3545,0
3546,4
3547,4
3548,4
3549,1
3550,0
3551,4
3552,2
3553,3
3554,2
3555,0
3556,4
3557,3
3558,4
3559,5
3560,4
3561,3
3562,6
3563,6
3564,1
3565,4
3566,1
3567,2
3568,1
3569,1
3570,4
3571,5
3572,5
3573,4
3574,2
3575,6
3576,0
3577,2
3578,6
3579,6
3580,4
3581,0
3582,2
3583,3
3584,6
3585,6
3586,1
3587,4
3588,6
3589,5
3590,3
3591,6
3592,6
3593,5
3594,6
3595,3
3596,6
3597,6
3598,2
3599,5
3600,5
3601,2
3602,0
3603,1
3604,3
3605,2
3606,2
3607,4
3608,4
3609,4
3610,6
3611,1
3612,3
3613,6
3614,6
3615,5
3616,4
3617,5
3618,2
3619,6
3620,0
3621,0
3622,3
3623,6
3624,0
3625,1
3626,1
3627,2
3628,4
3629,5
3630,0
3631,3
3632,1
3633,6
3634,4
3635,2
3636,6
3637,4
3638,4
3639,6
3640,0
3641,3
3642,0
3643,6
3644,1
3645,3
3646,6
3647,5
3648,6
3649,2
3650,4
3651,1
3652,6
3653,3
3654,5
3655,5
3656,2
3657,3
3658,1
3659,3
3660,1
3661,4
3662,2
3663,2
3664,2
3665,2
3666,0
3667,1
3668,2
3669,6
3670,3
3671,2
3672,6
3673,0
3674,3
3675,1
3676,6
3677,3
3678,4
3679,0
3680,6
3681,6
3682,2
3683,0
3684,6
3685,0
3686,2
3687,0
3688,2
3689,3
3690,3
3691,1
3692,3
3693,1
3694,6
3695,2
3696,6
3697,2
3698,2
3699,1
3700,1
3701,2
3702,4
3703,1
3704,4
3705,6
3706,3
3707,4
3708,2
3709,6
3710,2
3711,1
3712,2
3713,6
3714,3
3715,2
3716,4
3717,2
3718,0
3719,3
3720,4
3721,5
3722,4
3723,5
3724,2
3725,3
3726,3
3727,0
3728,6
3729,1
3730,1
3731,3
3732,0
3733,6
3734,1
3735,0
3736,5
3737,4
3738,5
3739,6
3740,4
3741,0
3742,6
3743,1
3744,4
3745,2
3746,6
3747,0
3748,5
3749,6
3750,0
3751,2
3752,1
3753,6
3754,3
3755,4
3756,1
3757,0
3758,0
3759,0
3760,6
3761,3
3762,4
3763,3
3764,0
3765,2
3766,2
3767,4
3768,1
3769,5
3770,3
3771,0
3772,6
3773,4
3774,0
3775,5
3776,3
3777,5
3778,2
3779,4
3780,2
3781,3
3782,5
3783,4
3784,5
3785,5
3786,5
3787,5
3788,6
3789,6
3790,5
3791,0
3792,6
3793,1
3794,3
3795,5
3796,2
3797,5
3798,1
3799,6
3800,6
3801,0
3802,3
3803,6
3804,1
3805,6
3806,3
3807,5
3808,6
3809,5
3810,6
3811,3
3812,5
3813,5
3814,3
3815,5
3816,0
3817,6
3818,6
3819,0
3820,6
3821,1
3822,5
3823,4
3824,3
3825,6
3826,1
3827,1
3828,1
3829,4
3830,0
3831,5
3832,1
3833,3
3834,2
3835,4
3836,0
3837,2
3838,1
3839,4
3840,4
3841,3
3842,2
3843,3
3844,1
3845,6
3846,6
3847,3
3848,4
3849,5
3850,0
3851,1
3852,2
3853,2
3854,1
3855,1
3856,4
3857,0
3858,1
3859,2
3860,5
3861,6
3862,3
3863,5
3864,0
3865,4
3866,3
3867,3
3868,4
3869,6
3870,2
3871,5
3872,5
3873,0
3874,1
3875,5
3876,6
3877,3
3878,0
3879,1
3880,1
3881,5
3882,2
3883,6
3884,6
3885,5
3886,2
3887,5
3888,5
3889,2
3890,1
3891,6
3892,5
3893,6
3894,4
3895,4
3896,6
3897,5
3898,3
3899,5
3900,5
3901,5
3902,6
3903,5
3904,4
3905,6
3906,0
3907,5
3908,0
3909,1
3910,5
3911,1
3912,3
3913,1
3914,5
3915,3
3916,4
3917,2
3918,1
3919,6
3920,6
3921,6
3922,5
3923,5
3924,3
3925,5
3926,6
3927,2
3928,4
3929,6
3930,0
3931,2
3932,6
3933,2
3934,4
3935,3
3936,3
3937,0
3938,2
3939,3
3940,2
3941,3
3942,3
3943,1
3944,0
3945,2
3946,4
3947,2
3948,3
3949,1
3950,3
3951,1
3952,4
3953,2
3954,2
3955,2
3956,2
3957,6
3958,3
3959,1
3960,6
3961,5
3962,6
3963,2
3964,3
3965,2
3966,4
3967,0
3968,4
3969,1
3970,1
3971,1
3972,5
3973,5
3974,1
3975,4
3976,2
3977,2
3978,0
3979,1
3980,3
3981,5
3982,5
3983,0
3984,0
3985,1
3986,0
3987,3
3988,1
3989,6
3990,4
3991,0
3992,4
3993,4
3994,1
3995,5
3996,4
3997,6
3998,5
3999,5
4000,1
4001,0
4002,2
4003,5
4004,4
4005,4
4006,6
4007,3
4008,3
4009,6
4010,2
4011,4
4012,0
4013,4
4014,2
4015,3
4016,2
4017,4
4018,0
4019,4
4020,3
4021,4
4022,2
4023,5
4024,3
4025,6
4026,3
4027,4
4028,3
4029,5
4030,2
4031,5
4032,4
4033,0
4034,3
4035,1
4036,0
4037,0
4038,2
4039,6
4040,3
4041,6
4042,1
4043,2
4044,3
4045,6
4046,2
4047,1
4048,3
4049,4
4050,5
4051,5
4052,2
4053,4
4054,4
4055,6
4056,5
4057,4
4058,3
4059,6
4060,3
4061,0
4062,6
4063,2
4064,6
4065,2
4066,4
4067,5
4068,2
4069,4
4070,4
4071,5
4072,6
4073,3
4074,5
4075,3
4076,0
4077,2
4078,4
4079,1
4080,6
4081,2
4082,1
4083,1
4084,4
4085,3
4086,0
4087,5
4088,1
4089,0
4090,6
4091,6
4092,1
4093,0
4094,4
4095,1
4096,6
4097,4
4098,2
4099,3
4100,5
4101,1
4102,6
4103,5
4104,4
4105,6
4106,5
4107,5
4108,2
4109,2
4110,5
4111,1
4112,4
4113,0
4114,1
4115,6
4116,0
4117,1
4118,6
4119,1
4120,1
4121,2
4122,1
4123,4
4124,1
4125,2
4126,4
4127,5
4128,5
4129,6
4130,2
4131,6
4132,1
4133,3
4134,5
4135,1
4136,6
4137,6
4138,5
4139,1
4140,1
4141,5
4142,6
4143,2
4144,3
4145,6
4146,5
4147,4
4148,5
4149,6
4150,3
4151,4
4152,0
4153,4
4154,4
4155,1
4156,5
4157,6
4158,1
4159,0
4160,6
4161,4
4162,6
4163,6
4164,6
4165,1
4166,1
4167,6
4168,5
4169,2
4170,0
4171,3
4172,3
4173,2
4174,1
4175,6
4176,3
4177,4
4178,3
4179,0
4180,3
4181,4
4182,0
4183,4
4184,6
4185,4
4186,5
4187,4
4188,4
4189,2
4190,5
4191,2
4192,3
4193,2
4194,2
4195,0
4196,3
4197,5
4198,2
4199,2
4200,2
4201,5
4202,6
4203,6
4204,6
4205,1
4206,3
4207,3
4208,5
4209,3
4210,2
4211,5
4212,1
4213,0
4214,1
4215,5
4216,0
4217,2
4218,5
4219,1
4220,1
4221,6
4222,5
4223,2
4224,5
4225,6
4226,2
4227,6
4228,5
4229,3
4230,1
4231,3
4232,6
4233,6
4234,0
4235,1
4236,0
4237,5
4238,4
4239,4
4240,3
4241,0
4242,5
4243,4
4244,2
4245,6
4246,1
4247,3
4248,4
4249,4
4250,3
4251,3
4252,1
4253,4
4254,4
4255,3
4256,1
4257,1
4258,1
4259,1
4260,4
4261,5
4262,4
4263,4
4264,3
4265,4
4266,3
4267,5
4268,0
4269,5
4270,6
4271,6
4272,0
4273,3
4274,1
4275,1
4276,3
4277,2
4278,3
4279,1
4280,5
4281,4
4282,4
4283,5
4284,2
4285,1
4286,0
4287,2
4288,2
4289,6
4290,4
4291,0
4292,0
4293,2
4294,6
4295,6
4296,1
4297,3
4298,3
4299,5
4300,1
4301,6
4302,3
4303,0
4304,2
4305,0
4306,1
4307,1
4308,1
4309,4
4310,0
4311,2
4312,0
4313,0
4314,5
4315,6
4316,3
4317,3
4318,3
4319,5
4320,3
4321,2
4322,3
4323,1
4324,3
4325,4
4326,5
4327,4
4328,0
4329,3
4330,6
4331,4
4332,2
4333,0
4334,2
4335,3
4336,5
4337,5
4338,1
4339,4
4340,4
4341,6
4342,4
4343,3
4344,2
4345,2
4346,2
4347,2
4348,4
4349,6
4350,4
4351,2
4352,4
4353,0
4354,0
4355,3
4356,6
4357,2
4358,4
4359,4
4360,2
4361,4
4362,0
4363,6
4364,4
4365,6
4366,1
4367,3
4368,5
4369,3
4370,4
4371,6
4372,4
4373,3
4374,6
4375,5
4376,4
4377,6
4378,0
4379,3
4380,0
4381,2
4382,0
4383,5
4384,0
4385,3
4386,2
4387,0
4388,3
4389,3
4390,3
4391,1
4392,1
4393,5
4394,5
4395,0
4396,2
4397,5
4398,1
4399,0
4400,2
4401,0
4402,2
4403,4
4404,1
4405,4
4406,6
4407,0
4408,3
4409,1
4410,3
4411,6
4412,2
4413,5
4414,1
4415,3
4416,2
4417,1
4418,1
4419,1
4420,4
4421,0
4422,5
4423,3
4424,6
4425,5
4426,0
4427,4
4428,1
4429,3
4430,5
4431,0
4432,2
4433,3
4434,3
4435,5
4436,6
4437,6
4438,6
4439,5
4440,0
4441,5
4442,2
4443,2
4444,2
4445,6
4446,4
4447,1
4448,0
4449,5
4450,5
4451,1
4452,6
4453,0
4454,3
4455,6
4456,3
4457,0
4458,0
4459,3
4460,5
4461,5
4462,2
4463,0
4464,4
4465,2
4466,0
4467,1
4468,2
4469,1
4470,2
4471,0
4472,0
4473,6
4474,0
4475,4
4476,1
4477,5
4478,0
4479,6
4480,4
4481,4
4482,0
4483,6
4484,0
4485,1
4486,5
4487,4
4488,1
4489,5
4490,5
4491,1
4492,4
4493,3
4494,3
4495,1
4496,5
4497,0
4498,1
4499,0
4500,4
4501,5
4502,2
4503,6
4504,5
4505,0
4506,0
4507,3
4508,3
4509,2
4510,4
4511,6
4512,6
4513,5
4514,0
4515,5
4516,6
4517,5
4518,4
4519,2
4520,2
4521,5
4522,4
4523,3
4524,5
4525,6
4526,6
4527,4
4528,5
4529,4
4530,0
4531,1
4532,2
4533,4
4534,4
4535,3
4536,3
4537,0
4538,2
4539,2
4540,0
4541,1
4542,3
4543,6
4544,3
4545,4
4546,2
4547,5
4548,3
4549,1
4550,2
4551,6
4552,0
4553,0
4554,0
4555,6
4556,4
4557,6
4558,2
4559,5
4560,5
4561,2
4562,3
4563,4
4564,1
4565,2
4566,4
4567,4
4568,1
4569,6
4570,3
4571,2
4572,5
4573,0
4574,1
4575,3
4576,4
4577,5
4578,0
4579,0
4580,2
4581,2
4582,2
4583,0
4584,5
4585,5
4586,5
4587,3
4588,1
4589,2
4590,3
4591,1
4592,2
4593,3
4594,1
4595,6
4596,1
4597,4
4598,1
4599,1
4600,6
4601,3
4602,0
4603,3
4604,6
4605,1
4606,3
4607,0
4608,5
4609,4
4610,6
4611,2
4612,4
4613,5
4614,5
4615,1
4616,6
4617,0
4618,1
4619,5
4620,6
4621,6
4622,2
4623,1
4624,0
4625,4
4626,0
4627,1
4628,1
4629,1
4630,4
4631,6
4632,3
4633,0
4634,2
4635,0
4636,1
4637,5
4638,1
4639,0
4640,5
4641,0
4642,3
4643,3
4644,2
4645,6
4646,4
4647,1
4648,3
4649,5
4650,4
4651,6
4652,3
4653,4
4654,3
4655,2
4656,1
4657,1
4658,1
4659,6
4660,5
4661,1
4662,3
4663,3
4664,5
4665,2
4666,0
4667,5
4668,3
4669,4
4670,0
4671,5
4672,6
4673,5
4674,5
4675,0
4676,6
4677,5
4678,3
4679,6
4680,1
4681,3
4682,1
4683,4
4684,2
4685,0
4686,0
4687,5
4688,3
4689,2
4690,5
4691,3
4692,6
4693,4
4694,3
4695,0
4696,1
4697,2
4698,6
4699,3
4700,5
4701,2
4702,0
4703,4
4704,4
4705,2
4706,6
4707,4
4708,0
4709,6
4710,6
4711,5
4712,5
4713,3
4714,3
4715,5
4716,6
4717,4
4718,3
4719,3
4720,5
4721,5
4722,5
4723,6
4724,6
4725,1
4726,4
4727,3
4728,5
4729,2
4730,5
4731,4
4732,5
4733,3
4734,0
4735,6
4736,3
4737,6
4738,2
4739,6
4740,0
4741,2
4742,2
4743,0
4744,0
4745,2
4746,4
4747,3
4748,3
4749,3
4750,4
4751,6
4752,6
4753,3
4754,6
4755,4
4756,0
4757,5
4758,1
4759,6
4760,2
4761,2
4762,1
4763,6
4764,5
4765,5
4766,0
4767,2
4768,1
4769,3
4770,3
4771,4
4772,2
4773,3
4774,4
4775,6
4776,3
4777,1
4778,0
4779,4
4780,5
4781,0
4782,0
4783,4
4784,0
4785,3
4786,5
4787,6
4788,5
4789,0
4790,1
4791,0
4792,1
4793,5
4794,0
4795,5
4796,3
4797,2
4798,5
4799,4
4800,0
4801,4
4802,4
4803,1
4804,2
4805,3
4806,1
4807,6
4808,6
4809,3
4810,4
4811,6
4812,2
4813,1
4814,4
4815,1
4816,5
4817,4
4818,5
4819,1
4820,3
4821,6
4822,0
4823,5
4824,5
4825,1
4826,4
4827,2
4828,3
4829,3
4830,1
4831,5
4832,3
4833,1
4834,5
4835,6
4836,2
4837,4
4838,0
4839,3
4840,0
4841,6
4842,0
4843,1
4844,6
4845,0
4846,1
4847,5
4848,2
4849,3
4850,4
4851,6
4852,5
4853,3
4854,1
4855,4
4856,4
4857,5
4858,3
4859,6
4860,4
4861,2
4862,2
4863,2
4864,0
4865,3
4866,0
4867,4
4868,5
4869,5
4870,2
4871,5
4872,4
4873,3
4874,1
4875,2
4876,0
4877,4
4878,1
4879,0
4880,4
4881,5
4882,6
4883,1
4884,0
4885,5
4886,2
4887,4
4888,4
4889,0
4890,1
4891,4
4892,4
4893,6
4894,1
4895,6
4896,6
4897,2
4898,0
4899,1
4900,3
4901,1
4902,0
4903,5
4904,4
4905,1
4906,3
4907,5
4908,2
4909,3
4910,0
4911,3
4912,5
4913,6
4914,4
4915,4
4916,4
4917,6
4918,5
4919,4
4920,6
4921,6
4922,1
4923,3
4924,4
4925,4
4926,4
4927,4
4928,0
4929,0
4930,5
4931,0
4932,6
4933,6
4934,6
4935,4
4936,0
4937,0
4938,2
4939,3
4940,1
4941,0
4942,5
4943,3
4944,1
4945,4
4946,6
4947,3
4948,0
4949,5
4950,3
4951,4
4952,5
4953,1
4954,6
4955,0
4956,4
4957,3
4958,4
4959,0
4960,1
4961,6
4962,2
4963,4
4964,2
4965,6
4966,6
4967,3
4968,3
4969,1
4970,4
4971,2
4972,3
4973,4
4974,5
4975,5
4976,0
4977,0
4978,4
4979,4
4980,6
4981,1
4982,6
4983,1
4984,0
4985,0
4986,3
4987,4
4988,5
4989,4
4990,1
4991,1
4992,2
4993,3
4994,6
4995,6
4996,4
4997,2
4998,2
4999,0
